run	imp	exit_code	ins_theta_1	ins_gamma_1	ins_e_1	del_theta_1	del_gamma_1	del_e_1	lnL	sim_ins_theta_1	sim_del_theta_1	sim_ins_gamma_1	sim_del_gamma_1	sim_ins_e_1	sim_del_e_1	model	rep
117	1	3	0.000523408657684227	-5.0884034202247	0.0206115474690137	0.00100283293711749	-15.4237449578266	0.0236148288518106	28348.8311808955	0.0005	0.001	 -5	 -15	0.02	0.02	full	rep1
487	1	3	0.00050557962822807	-5.09812808707128	0.0219532960324722	0.000958734277770267	-15.046432517417	0.0205422975226852	27245.2235102994	0.0005	0.001	 -5	 -15	0.02	0.02	full	rep2
42	1	3	0.000491058272710676	-4.86644368616512	0.0249933592980726	0.00101140778950185	-15.1767479327282	0.0148308677440756	27970.5002255706	0.0005	0.001	 -5	 -15	0.02	0.02	full	rep3
432	1	3	0.000500578679451631	-5.14444485224525	0.0233296743923986	0.000983595380223694	-14.7480107898006	0.024116505505613	27695.7972515347	0.0005	0.001	 -5	 -15	0.02	0.02	full	rep4
130	1	3	0.000494170579785349	-5.40967149308793	0.0231346361480424	0.000953641273640614	-14.2182185060239	0.0202890898318663	27064.5447900029	0.0005	0.001	 -5	 -15	0.02	0.02	full	rep5
165	1	3	0.000499550838258276	-4.89052671669442	0.0175385547892076	0.00101389233338486	-15.0456711956232	0.0194471770647292	28345.1933266799	0.0005	0.001	 -5	 -15	0.02	0.02	full	rep6
462	1	3	0.000522030225316963	-4.95112264026984	0.0176605604833829	0.00103704485563939	-16.2506172594507	0.0196456459405286	28716.3747897133	0.0005	0.001	 -5	 -15	0.02	0.02	full	rep7
434	1	3	0.000490564025434498	-4.81006940181044	0.0201180804315545	0.00101697987268369	-15.3483292449175	0.0113069829519451	28147.5037537076	0.0005	0.001	 -5	 -15	0.02	0.02	full	rep8
148	1	3	0.000478952535267816	-5.00945216383374	0.0200569882305445	0.000974019078895099	-14.1414401148695	0.0203399856016793	27389.9572098349	0.0005	0.001	 -5	 -15	0.02	0.02	full	rep9
247	1	3	0.000495689372877366	-4.95852114417159	0.0176729362279968	0.00100138071383075	-14.6769449848366	0.0206234792879547	28169.1457041617	0.0005	0.001	 -5	 -15	0.02	0.02	full	rep10
494	1	3	0.000516496604217784	-5.07338065155199	0.0201351222063154	0.000983611546054566	-15.0967247648342	0.0200091857414248	28019.0758645146	0.0005	0.001	 -5	 -15	0.02	0.02	full	rep11
384	1	3	0.000503900783435437	-4.88237232690958	0.0206435079143148	0.00100850567477188	-15.1391940308159	0.0227969171962974	28267.9878204355	0.0005	0.001	 -5	 -15	0.02	0.02	full	rep12
296	1	3	0.000492270793691379	-4.77413867992144	0.0194728665731418	0.000977784728173164	-14.5561193952468	0.0226582826791538	27796.2977192241	0.0005	0.001	 -5	 -15	0.02	0.02	full	rep13
389	1	3	0.00050370014321331	-4.83997153242027	0.0182498656029626	0.000992703851185703	-14.1937500842897	0.0165555724798669	28654.6905197034	0.0005	0.001	 -5	 -15	0.02	0.02	full	rep14
229	1	3	0.000476254957102256	-4.72258688103507	0.0188252219626457	0.00101854451537477	-15.3127376279187	0.0217471874801445	27725.616024265	0.0005	0.001	 -5	 -15	0.02	0.02	full	rep15
194	1	3	0.000491482925261503	-5.1685899997882	0.019078713113675	0.000962128637242263	-13.901721897085	0.0191071445777141	27492.7926838226	0.0005	0.001	 -5	 -15	0.02	0.02	full	rep16
232	1	3	0.000501143486638044	-4.69842155389628	0.0228257671181597	0.00101220342479424	-15.5102852178393	0.0222110921626528	28256.3025963039	0.0005	0.001	 -5	 -15	0.02	0.02	full	rep17
417	1	3	0.000500330046368768	-5.01781629269278	0.0207310313551265	0.00103462343043615	-15.5133837267621	0.0200033416584297	28348.0646950957	0.0005	0.001	 -5	 -15	0.02	0.02	full	rep18
124	1	3	0.000493457997781903	-4.58119995923152	0.0189109872333507	0.000982574285850559	-15.0468233514623	0.020632084771103	27823.8488579567	0.0005	0.001	 -5	 -15	0.02	0.02	full	rep19
450	1	3	0.000493923853254811	-5.1181657571935	0.0184469842099071	0.000971832727650828	-14.8361111426938	0.023360041855709	27286.0586033899	0.0005	0.001	 -5	 -15	0.02	0.02	full	rep20
335	1	3	0.000481090348056526	-4.83283059851948	0.013233487119084	0.00098555879311686	-14.6941163899977	0.0189377172499423	27587.8080666514	0.0005	0.001	 -5	 -15	0.02	0.02	full	rep21
331	1	3	0.000510811701597643	-5.08857181691258	0.0193497809947703	0.000980808751560558	-15.1085432859816	0.0182011279939343	27803.2184838347	0.0005	0.001	 -5	 -15	0.02	0.02	full	rep22
156	1	3	0.000492802107527765	-4.74811930539931	0.0185727122309463	0.00103923387772624	-16.1634822832309	0.0156535238737543	28215.0502210751	0.0005	0.001	 -5	 -15	0.02	0.02	full	rep23
271	1	3	0.000486791715185242	-4.87767555012552	0.0199551662295809	0.000987193894630566	-15.033667477584	0.0199503100303119	27458.7874109445	0.0005	0.001	 -5	 -15	0.02	0.02	full	rep24
265	1	3	0.00050586484304333	-5.16293185602658	0.01928766405247	0.00102428141301989	-15.3555120873738	0.0161051883492398	28382.4506170171	0.0005	0.001	 -5	 -15	0.02	0.02	full	rep25
443	1	3	0.000505180325286105	-4.91704366737814	0.0222030473719309	0.00106062323214901	-15.6689172280063	0.0203410827392628	28898.7473769149	0.0005	0.001	 -5	 -15	0.02	0.02	full	rep26
55	1	3	0.000486047475069928	-4.83642671944046	0.0190314135947128	0.000996811771512635	-15.4861157784578	0.0178538047550296	27427.1176188226	0.0005	0.001	 -5	 -15	0.02	0.02	full	rep27
206	1	3	0.000507470756423359	-4.93347331502952	0.0209164516934133	0.00101588302689045	-14.6759224549921	0.0199799941860872	28784.9643451629	0.0005	0.001	 -5	 -15	0.02	0.02	full	rep28
372	1	3	0.000505097506455381	-4.98121812143022	0.0234815290608821	0.000987099219416947	-14.7402948007404	0.0228766453801565	28021.6855713489	0.0005	0.001	 -5	 -15	0.02	0.02	full	rep29
492	1	3	0.000485509375649284	-4.75036911465217	0.0235884237839064	0.00098605068620581	-15.3423088340359	0.0214246569677269	27286.9479942287	0.0005	0.001	 -5	 -15	0.02	0.02	full	rep30
391	1	3	0.000507498877268333	-4.87835634178689	0.0246781668299562	0.000991042994064082	-14.6256190681318	0.0186054275447755	28344.654849113	0.0005	0.001	 -5	 -15	0.02	0.02	full	rep31
88	1	3	0.000493635464756618	-4.84566227767785	0.0228627083100751	0.000985854636511007	-15.1119270721308	0.0159645404271188	27666.9497416964	0.0005	0.001	 -5	 -15	0.02	0.02	full	rep32
225	1	3	0.00048049538054306	-5.05869227856738	0.0184997394420596	0.00098839134264519	-15.0746639107237	0.0219427612650985	27109.5344634486	0.0005	0.001	 -5	 -15	0.02	0.02	full	rep33
216	1	3	0.000503489617562864	-5.1761622442122	0.0162629111097789	0.00102459026697428	-15.036219681617	0.0165674461258961	28490.1831961595	0.0005	0.001	 -5	 -15	0.02	0.02	full	rep34
276	1	3	0.000483595624972731	-4.81809765751746	0.0201842187273196	0.000999908407758412	-14.7207902120783	0.0204543833235521	27894.1966100395	0.0005	0.001	 -5	 -15	0.02	0.02	full	rep35
226	1	3	0.000488029995795288	-4.77552410452054	0.0243079726819694	0.00103793709119398	-15.3984686286116	0.0224279964222856	28249.424124716	0.0005	0.001	 -5	 -15	0.02	0.02	full	rep36
54	1	3	0.000491308247787703	-4.81277673188004	0.0198089346149179	0.000993980300245955	-14.7567317107298	0.0220487515880498	27883.3504675897	0.0005	0.001	 -5	 -15	0.02	0.02	full	rep37
357	1	3	0.000514604041855414	-5.14663398677788	0.0217463807278879	0.000992645215948573	-14.5258846655121	0.0204899740040077	28417.0509778862	0.0005	0.001	 -5	 -15	0.02	0.02	full	rep38
379	1	3	0.000501265637153717	-4.71868406133729	0.0186579847178448	0.000994770725130086	-15.4032846735255	0.0171315744209903	28035.3552344102	0.0005	0.001	 -5	 -15	0.02	0.02	full	rep39
86	1	3	0.000506464646794749	-4.93127375779819	0.0223287745831826	0.000978657649489957	-14.7464725950206	0.0169855663719027	28012.0988842662	0.0005	0.001	 -5	 -15	0.02	0.02	full	rep40
269	1	3	0.000490502991151639	-4.97517026379721	0.0196654383970231	0.000967768223937723	-13.9448907983476	0.0174051753085531	27776.9189173602	0.0005	0.001	 -5	 -15	0.02	0.02	full	rep41
154	1	3	0.000508521795072279	-4.75343471343846	0.0220267809044429	0.000970862601890167	-14.9005178770154	0.0155954182781389	27968.7545540116	0.0005	0.001	 -5	 -15	0.02	0.02	full	rep42
60	1	3	0.000524448268574175	-5.36220537836393	0.0213002952478104	0.000996992352203121	-15.1668400512886	0.0223003048924996	28179.3886534452	0.0005	0.001	 -5	 -15	0.02	0.02	full	rep43
146	1	3	0.000463719056110197	-4.50044783904821	0.0140840426185112	0.000977895500531819	-14.6367609862406	0.0133551217818462	27291.9004924681	0.0005	0.001	 -5	 -15	0.02	0.02	full	rep44
55	1	3	0.000491057262955637	-4.81743073832378	0.0210734544826969	0.00094851062546708	-14.470673466655	0.019709862611784	27272.5261089157	0.0005	0.001	 -5	 -15	0.02	0.02	full	rep45
239	1	3	0.000507314344628284	-5.03616404976473	0.0160448761766848	0.000998819218283304	-14.9173382353869	0.0162660059139825	28291.1423409934	0.0005	0.001	 -5	 -15	0.02	0.02	full	rep46
319	1	3	0.00048313516108319	-4.88501420509669	0.0213758320102232	0.00096457707020873	-14.3705805928128	0.0229989246593025	27176.2605512074	0.0005	0.001	 -5	 -15	0.02	0.02	full	rep47
242	1	3	0.000510270910168614	-5.20438993367526	0.0183729753124653	0.00105124937781327	-15.9074821917126	0.0257176960305271	28589.9513672096	0.0005	0.001	 -5	 -15	0.02	0.02	full	rep48
320	1	3	0.000490084113637931	-4.88358028372275	0.0216490700894023	0.000962864262418609	-14.731912901278	0.0180657997447873	27230.2931525787	0.0005	0.001	 -5	 -15	0.02	0.02	full	rep49
199	1	3	0.000486730914576027	-4.97089393971949	0.0180046987639064	0.000988290301422215	-14.2620416360804	0.0170287105362537	27915.7211299947	0.0005	0.001	 -5	 -15	0.02	0.02	full	rep50
272	1	3	0.00049448171922587	-5.07424365364193	0.018952221744379	0.00101664850334673	-15.0039406581896	0.0205383084164626	28094.6121452819	0.0005	0.001	 -5	 -15	0.02	0.02	full	rep51
164	1	3	0.000504390092954574	-5.38417518365963	0.02788504562966	0.000987755598190919	-13.9925103050105	0.0207680356354733	28102.9380849041	0.0005	0.001	 -5	 -15	0.02	0.02	full	rep52
50	1	3	0.000483747727032814	-4.88670162910879	0.0200300497398994	0.000981840668370398	-14.009301621649	0.018344825361043	27881.5296793019	0.0005	0.001	 -5	 -15	0.02	0.02	full	rep53
297	1	3	0.000501689267015336	-5.03580504710003	0.0169315402767257	0.000969143123990194	-14.1594486633077	0.0183409747611879	28034.2502552777	0.0005	0.001	 -5	 -15	0.02	0.02	full	rep54
149	1	3	0.000497257665682715	-4.83992599996927	0.0160992478407841	0.000970707368401722	-14.3762433409427	0.0160677196449239	27949.7603623217	0.0005	0.001	 -5	 -15	0.02	0.02	full	rep55
220	1	3	0.000513693541057449	-5.19548644899823	0.0193844165450081	0.00102035457728242	-15.5493563726031	0.0210502391682015	28322.2441167178	0.0005	0.001	 -5	 -15	0.02	0.02	full	rep56
162	1	3	0.000495650034985064	-5.06479016960307	0.0198900995199663	0.00102122189214089	-15.2777777698135	0.0236910322166837	28016.8974361026	0.0005	0.001	 -5	 -15	0.02	0.02	full	rep57
127	1	3	0.000505935767947345	-4.8233073426395	0.019702334864553	0.0010496514787319	-15.6897128390045	0.0236865346880112	28898.9440696087	0.0005	0.001	 -5	 -15	0.02	0.02	full	rep58
201	1	3	0.000497495847529123	-4.94536503279579	0.0198428580361163	0.00100399640541534	-14.8551864311342	0.0231044439092456	28114.6081173853	0.0005	0.001	 -5	 -15	0.02	0.02	full	rep59
379	1	3	0.000520970341540076	-5.27416684559589	0.0279825710383885	0.000998634273821083	-15.0385954525116	0.0265013961173063	28174.5202073973	0.0005	0.001	 -5	 -15	0.02	0.02	full	rep60
31	1	3	0.00051136139437342	-5.28152662324653	0.0155116194750264	0.00103148830573697	-14.7772115561887	0.0212611758754508	28833.9343532591	0.0005	0.001	 -5	 -15	0.02	0.02	full	rep61
446	1	3	0.000498998296522149	-4.92727389964234	0.0173264923214402	0.000969432459531265	-14.8086871899543	0.0213788393105737	27611.6574788579	0.0005	0.001	 -5	 -15	0.02	0.02	full	rep62
287	1	3	0.000489517802583297	-5.03234051319499	0.0196199508659911	0.000974707644540853	-14.3507317371911	0.0196443792685895	27624.4212345282	0.0005	0.001	 -5	 -15	0.02	0.02	full	rep63
419	1	3	0.000497143253093964	-4.98716170698092	0.0220220519687923	0.000999347273719333	-15.4699490758053	0.0226798661379205	27629.504508113	0.0005	0.001	 -5	 -15	0.02	0.02	full	rep64
221	1	3	0.000493527981434788	-4.90584576741687	0.0297681518512607	0.00100366460339601	-15.0839190347648	0.0163568209369301	27837.4025392859	0.0005	0.001	 -5	 -15	0.02	0.02	full	rep65
499	1	3	0.000509927014892246	-5.19045712489612	0.0242618478473098	0.000999660337201836	-14.4646755660069	0.0183600747054048	28413.5389332533	0.0005	0.001	 -5	 -15	0.02	0.02	full	rep66
133	1	3	0.000496742783396648	-5.29227759917093	0.0226310123232316	0.00101071449924882	-15.620798368571	0.0148632888949717	27576.33684264	0.0005	0.001	 -5	 -15	0.02	0.02	full	rep67
412	1	3	0.000489724285696101	-4.72124374389344	0.0250882586354669	0.00100968650391277	-15.2061257569554	0.0238129772066101	27910.1621566208	0.0005	0.001	 -5	 -15	0.02	0.02	full	rep68
347	1	3	0.000514302503873995	-5.22149468372712	0.0178822846070026	0.000968981288198585	-14.5348379337847	0.0202276550106859	27942.354398596	0.0005	0.001	 -5	 -15	0.02	0.02	full	rep69
226	1	3	0.00051233188393495	-5.34526066282751	0.0304083162617613	0.00101714512242154	-15.5175182311408	0.0223872888535823	27992.3829425764	0.0005	0.001	 -5	 -15	0.02	0.02	full	rep70
296	1	3	0.000491079713784286	-4.89315847748651	0.0234536441947119	0.00097752470586469	-14.0822112805656	0.0146652217267258	27957.1377066837	0.0005	0.001	 -5	 -15	0.02	0.02	full	rep71
393	1	3	0.000512538647519612	-5.0971198696795	0.0177928683089756	0.00104315386966348	-16.017049969345	0.018300385797456	28609.1575984458	0.0005	0.001	 -5	 -15	0.02	0.02	full	rep72
402	1	3	0.000510739511804022	-4.88747967877851	0.020802157311092	0.00096788999716512	-14.9515389246577	0.0215759409899965	27772.4764668115	0.0005	0.001	 -5	 -15	0.02	0.02	full	rep73
236	1	3	0.000526910239230908	-5.39508085167541	0.015319816438708	0.000980294106569324	-14.8019702909712	0.0193187602899317	28239.1360862165	0.0005	0.001	 -5	 -15	0.02	0.02	full	rep74
249	1	3	0.000477222046141193	-4.61903212792718	0.0246234701586095	0.00100357805701484	-15.9652150503173	0.020367809528898	27177.2293551579	0.0005	0.001	 -5	 -15	0.02	0.02	full	rep75
84	1	3	0.000499596681591179	-5.01414062053652	0.0171208941334921	0.000985224718978046	-14.712095223256	0.0179293838963284	27963.7316321567	0.0005	0.001	 -5	 -15	0.02	0.02	full	rep76
297	1	3	0.000512930244794707	-5.28775945374704	0.0175796069021499	0.00103713596550194	-15.4776722989142	0.0206865497294163	28642.9689636186	0.0005	0.001	 -5	 -15	0.02	0.02	full	rep77
247	1	3	0.000493484845336943	-4.9881945423137	0.0241804963180442	0.000968314409436948	-15.2456637839987	0.0227644383740769	26984.0387646448	0.0005	0.001	 -5	 -15	0.02	0.02	full	rep78
135	1	3	0.000505398527619388	-5.00230286672367	0.0140260061784934	0.000963228029059306	-15.3218426924777	0.0194992251143543	27354.1681209202	0.0005	0.001	 -5	 -15	0.02	0.02	full	rep79
276	1	3	0.000493722516291687	-5.01312580355466	0.015966943859878	0.00101391818121345	-15.2265604445446	0.0236483433883758	27984.9770868014	0.0005	0.001	 -5	 -15	0.02	0.02	full	rep80
59	1	3	0.000513226594255386	-5.3385940946348	0.0200986228847329	0.000988686588262874	-15.000855163191	0.0180118506631021	27902.9270672491	0.0005	0.001	 -5	 -15	0.02	0.02	full	rep81
160	1	3	0.000509490511667012	-5.21836434554065	0.0184132058326073	0.00101311114633186	-15.2639664477769	0.0153498066808664	28279.1846308696	0.0005	0.001	 -5	 -15	0.02	0.02	full	rep82
494	1	3	0.000503889519474275	-4.7808665259102	0.0211881138533173	0.00106244122389936	-16.3566227529039	0.0184085356643867	28783.0268645877	0.0005	0.001	 -5	 -15	0.02	0.02	full	rep83
158	1	3	0.000488913546751951	-4.95523483387023	0.0180495402100989	0.000990447901473731	-15.2853547934324	0.0231216119786599	27343.3617808226	0.0005	0.001	 -5	 -15	0.02	0.02	full	rep84
394	1	3	0.00048064486622585	-4.5830726047775	0.018669762131312	0.000977646852600003	-14.6673161746929	0.0202503038091816	27591.3260972726	0.0005	0.001	 -5	 -15	0.02	0.02	full	rep85
301	1	3	0.000499762303318859	-5.00502705492251	0.0205836826237833	0.000996259747992017	-14.5745048618459	0.0215880286766104	28194.663973489	0.0005	0.001	 -5	 -15	0.02	0.02	full	rep86
384	1	3	0.000498674898952718	-5.1104488677315	0.0219675386757669	0.000994291433418514	-15.2249349836028	0.0262125341459623	27576.2388328501	0.0005	0.001	 -5	 -15	0.02	0.02	full	rep87
374	1	3	0.000507755942289466	-5.08224593091687	0.0212303945348794	0.00100405940718301	-15.6958655595011	0.0232487069324431	27798.2294507063	0.0005	0.001	 -5	 -15	0.02	0.02	full	rep88
210	1	3	0.000500055520522894	-5.23214710212605	0.0278167263008713	0.00102707812540643	-15.9044660154715	0.0191064451113304	27748.8718634794	0.0005	0.001	 -5	 -15	0.02	0.02	full	rep89
83	1	3	0.000505770096880936	-4.96804682935086	0.0231999499827907	0.00098332214242351	-14.7924936953728	0.0193220456376539	27929.9536831272	0.0005	0.001	 -5	 -15	0.02	0.02	full	rep90
450	1	3	0.000508476037779844	-4.81770823906888	0.0187640667311728	0.00107540508311648	-16.1869000458728	0.0155428683045063	29250.8782279832	0.0005	0.001	 -5	 -15	0.02	0.02	full	rep91
182	1	3	0.000511418610325379	-5.11234845581436	0.0187393652892291	0.000955271475996873	-13.9364856022046	0.0180582799679671	27984.8434568497	0.0005	0.001	 -5	 -15	0.02	0.02	full	rep92
477	1	3	0.000486649678411267	-4.88148450044768	0.0216238649534238	0.000956269252501859	-14.7669049751768	0.0183236867702157	27068.938263901	0.0005	0.001	 -5	 -15	0.02	0.02	full	rep93
161	1	3	0.00050890869766258	-5.27090593388565	0.0207664138636027	0.00101764685311921	-15.3644533239899	0.019699469896903	28163.3455739193	0.0005	0.001	 -5	 -15	0.02	0.02	full	rep94
361	1	3	0.000512700183662327	-4.90339063928479	0.0220237504665288	0.000974061063270514	-14.821318102184	0.0206092144160599	28061.3209857724	0.0005	0.001	 -5	 -15	0.02	0.02	full	rep95
109	1	3	0.000493427550659011	-5.11630605197369	0.02055264563414	0.00100407554780306	-14.8361242440617	0.0189023161751532	27912.7232007003	0.0005	0.001	 -5	 -15	0.02	0.02	full	rep96
381	1	3	0.000515341515340796	-5.06336078010911	0.0243961194267023	0.000956542999330302	-14.8728917504231	0.0177323108045471	27654.1693299926	0.0005	0.001	 -5	 -15	0.02	0.02	full	rep97
394	1	3	0.000508351243931663	-5.11812457838536	0.0256879697693604	0.00103502407174521	-15.7901888228788	0.0218705730356964	28320.3991567558	0.0005	0.001	 -5	 -15	0.02	0.02	full	rep98
477	1	3	0.000484111259146171	-4.82051215157122	0.0196879885101226	0.000954438356005863	-13.5520101321259	0.0193657004928687	27676.7364385916	0.0005	0.001	 -5	 -15	0.02	0.02	full	rep99
330	1	3	0.000515091979506789	-5.52040032146344	0.0190099637732023	0.000969256796820618	-14.9767649780053	0.0206571796415026	27457.6308510908	0.0005	0.001	 -5	 -15	0.02	0.02	full	rep100
