run	imp	exit_code	data_1_theta_1	data_1_gamma_1	data_1_e_1	data_1_theta_2	data_1_gamma_2	data_1_e_2	lnL	sim_theta_1	sim_theta_2	sim_gamma_1	sim_gamma_2	sim_e_1	sim_e_2
70	2	3	5090.58536034234	-12.2331518310575	0.00779079914041289	2893.25236870972	-0.526356252407271	0	96712.6209267946	5000	2500	 -10	0	0	0
40	3	3	2658.40629063054	-0.481958948648597	0.012967899857908	4756.10661583462	-9.41548246806804	0	95737.8623163376	5000	2500	 -10	0	0	0
55	3	3	5251.18831928471	-9.25335973608092	0	2215.80154936012	0.384283747967833	0	96092.5897788378	5000	2500	 -10	0	0	0
97	3	3	4876.13648751912	-11.1549473933104	0.00243491926376776	2814.99795571935	-0.389464225253028	2.22044604925031e-18	96668.5324012786	5000	2500	 -10	0	0	0
92	2	3	2772.97237266931	-0.233552068131817	0	4897.44831079183	-11.3597936305626	0	96572.8830837033	5000	2500	 -10	0	0	0
70	2	3	4457.65578826635	-11.9397376108121	0.00546324506505095	3020.54515566739	-0.564894747619985	0	94661.2976237542	5000	2500	 -10	0	0	0
4	2	3	2620.48293230671	-0.246838289232686	0.00177697240494789	4945.89788205997	-10.1685585198206	0	96313.354357121	5000	2500	 -10	0	0	0
34	3	3	3279.51749227777	-0.846328376480122	0.0152647127199451	4605.06198704965	-13.8095480004332	0	95747.5643730291	5000	2500	 -10	0	0	0
80	3	3	5037.77817059288	-10.5339716835848	0.00477644711280656	2615.61321644352	-0.267880071151286	0	95822.5080411996	5000	2500	 -10	0	0	0
41	3	3	4960.8371639547	-9.07528383688991	0	2287.2675776415	0.249190173150692	5.99520433297585e-17	94776.902635322	5000	2500	 -10	0	0	0
1	4	3	5072.92012972153	-10.9716763173305	0	2637.62762871353	-0.135200510652996	0	96526.5336512314	5000	2500	 -10	0	0	0
72	2	3	4545.35973447681	-10.5500142484444	0	2863.41278559714	-0.534134184966558	0.00684776372434621	95122.3279998501	5000	2500	 -10	0	0	0
37	2	3	4699.06491757582	-12.0395377613986	8.88178419700125e-18	2925.72366966598	-0.45940289545622	0	95228.7480882478	5000	2500	 -10	0	0	0
76	4	3	1996.96034686425	0.576673469643314	0.00117478195568423	5226.79807358415	-7.96417127040391	0	96036.5827966154	5000	2500	 -10	0	0	0
6	3	3	5177.39332879839	-10.3537835817573	0.00507604152484154	2598.40561657011	-0.157568711891802	0	97984.9114445759	5000	2500	 -10	0	0	0
47	3	3	2029.46933984316	0.463565677441289	6.66133814775094e-18	5379.83164790199	-8.53904652734092	0	95623.7777128798	5000	2500	 -10	0	0	0
48	3	3	4925.85871635924	-9.01656013500743	0	2372.99565479598	0.122270567850753	2.22044604925031e-18	96028.3011691074	5000	2500	 -10	0	0	0
23	2	3	2496.27229162224	0.0695959227482076	0	5357.75375099142	-10.8657816048628	4.44089209850063e-18	97299.5472256791	5000	2500	 -10	0	0	0
70	3	3	4363.69672468306	-10.8964744316558	0	3080.79495046252	-0.776743771468369	0.0109100859234964	95656.6859141527	5000	2500	 -10	0	0	0
93	4	3	5207.21764956329	-14.0326707172361	0	2882.72105124039	-0.354578563279415	0	95118.0328336389	5000	2500	 -10	0	0	0
87	2	3	2302.51828297892	0.160420162949668	0	5104.36652175661	-8.96798984635404	0	96480.4109015399	5000	2500	 -10	0	0	0
41	2	3	5175.40200241424	-9.25291790820361	0.00225928307776867	2259.48066540924	0.145859844624692	0	94993.1141960371	5000	2500	 -10	0	0	0
61	2	3	2138.97325916729	0.544753318702913	0	5479.52594628689	-9.62706543496117	4.88498130835069e-17	96009.0613575231	5000	2500	 -10	0	0	0
64	2	3	5185.73996797002	-8.81197679011386	0	2226.23801688179	0.40455610106569	0	97376.0698381835	5000	2500	 -10	0	0	0
18	4	3	2315.12206094657	0.202312800026236	0.00248506675940087	5154.72401805373	-8.70839578112102	0	98483.3368503859	5000	2500	 -10	0	0	0
76	4	3	2207.84981827787	0.134659152666701	0.00710860858127184	5205.18906130813	-8.67261057105411	0	95950.0299713718	5000	2500	 -10	0	0	0
94	3	3	4995.38481438477	-9.83387208707986	0	2510.970154454	-0.085753790518563	0	96219.5928689841	5000	2500	 -10	0	0	0
85	3	3	2704.04209202187	-0.24028029152467	0	4614.61264081316	-9.79628682908881	0.00177208280360366	96243.1445410466	5000	2500	 -10	0	0	0
27	3	3	2147.27928169139	0.35386854349514	4.44089209850063e-18	5502.7099447539	-9.7365306861634	0	94996.4119297172	5000	2500	 -10	0	0	0
100	2	3	2513.28831939836	-0.0133582467362322	0	4948.144792312	-9.72434649586768	0	96631.2214444983	5000	2500	 -10	0	0	0
59	2	3	5058.01871174482	-10.1636825480344	0	2500.41092111823	0.0564889244896535	0	96529.5751808725	5000	2500	 -10	0	0	0
60	2	3	5048.10795644876	-9.87342923019918	1.11022302462516e-16	2401.23282528918	0.236504375164445	0	95962.9015038446	5000	2500	 -10	0	0	0
98	4	3	2778.39085396636	-0.308813445884372	0	4661.85659766345	-10.542298217665	6.23945339839338e-16	96025.6846565529	5000	2500	 -10	0	0	0
38	2	3	5280.39927000506	-9.25376835100397	0	2210.21724489752	0.462330969285339	0	96693.0970034568	5000	2500	 -10	0	0	0
56	3	3	2764.06444523206	-0.218200495132985	2.66453525910038e-17	4877.89765893642	-11.2083077754425	0	96651.0744780738	5000	2500	 -10	0	0	0
2	3	3	3190.61573860345	-0.8324949875532	0.0130304190767246	4471.48683997404	-11.7320397107657	0	96765.6068823669	5000	2500	 -10	0	0	0
56	2	3	3012.30499830849	-0.527141340854447	3.33066907387547e-17	4544.34370304192	-11.8569936976475	0	95781.8839029821	5000	2500	 -10	0	0	0
64	3	3	4661.23197954073	-11.4523466670726	0	2808.60766008611	-0.276059913124015	0	94794.6208633539	5000	2500	 -10	0	0	0
54	2	3	4738.52868354124	-9.48260401161285	0.000420177470741063	2500.19839145312	-0.00722802215533164	0	94997.2625480768	5000	2500	 -10	0	0	0
45	3	3	4680.48159895269	-13.7476071691114	0.00968562784199051	3227.47047856239	-0.729522373313433	0	96426.8839281037	5000	2500	 -10	0	0	0
89	3	3	2732.81404528058	-0.324536656895617	0	4831.9263963231	-10.8974381013421	0	95461.7387942392	5000	2500	 -10	0	0	0
76	3	3	2897.36792242402	-0.426513156184487	0	4688.51472474821	-11.1115324852548	0.00079125092645302	96806.2285924542	5000	2500	 -10	0	0	0
94	2	3	4934.24773362564	-10.1916294555702	0	2518.73941357645	-0.0754069221279377	0	94842.2011807456	5000	2500	 -10	0	0	0
88	3	3	5236.08664914853	-11.2152284904117	0	2617.57944467686	-0.0844317528332345	2.22044604925031e-18	97216.5452312546	5000	2500	 -10	0	0	0
93	4	3	5063.90052723594	-10.9351978181614	0	2663.0643679594	-0.22363132428465	0	96533.0202975795	5000	2500	 -10	0	0	0
65	3	3	2705.09115402583	-0.204551222545136	0	4827.87029419348	-11.1071697194321	0	95109.6648492251	5000	2500	 -10	0	0	0
93	4	3	5028.73760304179	-9.32440732667253	4.44089209850063e-18	2383.79855918786	0.133877052470572	0	96413.4265363329	5000	2500	 -10	0	0	0
56	2	3	2882.06656881717	-0.516263212479016	4.44089209850063e-18	4659.25547849362	-10.8203817825389	0	96218.0446499197	5000	2500	 -10	0	0	0
56	3	3	2562.36260832356	-0.126589164688439	0.00639338374856873	4858.1551569859	-10.1241438292054	0	94940.0019227385	5000	2500	 -10	0	0	0
4	2	3	4766.17846674521	-10.0510107874617	0	2648.98674184078	-0.17933334423879	0	96125.8352333154	5000	2500	 -10	0	0	0
38	3	3	4826.7056340823	-12.2448448526474	0	2852.51161218109	-0.430167369959019	8.21565038222616e-17	94350.8084368884	5000	2500	 -10	0	0	0
20	3	3	5139.55682220177	-11.3530415333019	0	2657.53945945167	-0.095391447631757	0.000989272810307842	96894.6249832467	5000	2500	 -10	0	0	0
80	3	3	4524.14028201366	-11.2393314009723	0	2967.89309641991	-0.54906101666541	0.00745275888928253	95619.1483037086	5000	2500	 -10	0	0	0
45	3	3	4531.21980421217	-11.3919279456077	0	2980.38046144809	-0.517872578805311	0.00397780352444458	95939.8048966906	5000	2500	 -10	0	0	0
65	4	3	2379.00732561297	0.0513481056940023	0	4891.11589364086	-9.24012243416834	0.00274136580076469	94589.8357230538	5000	2500	 -10	0	0	0
100	3	3	2556.1445089516	-0.137398616800118	0	4795.16731626982	-9.61434836621612	0.000903435103060644	95665.1662410497	5000	2500	 -10	0	0	0
89	2	3	2966.07365085466	-0.581518248137509	0.00682202234267888	4657.98845939647	-11.7403760783959	0	95392.4434232065	5000	2500	 -10	0	0	0
82	2	3	2746.80275092973	-0.251900922733881	0	5224.35874718422	-12.504232751223	0.00231949013692472	95884.7692967987	5000	2500	 -10	0	0	0
22	3	3	2209.5303790214	0.22666278454754	0.00140626523764408	5135.350319104	-8.56149349912183	0	96285.5921611092	5000	2500	 -10	0	0	0
1	2	3	5027.73164888793	-9.6227596237823	0	2383.08202471855	0.0805760576540356	2.22044604925031e-18	95070.4248750153	5000	2500	 -10	0	0	0
94	2	3	4599.70381058888	-10.5106551583803	0	2818.4426550578	-0.379657945522649	0	95954.7953041243	5000	2500	 -10	0	0	0
40	4	3	2756.58750738888	-0.193265758841719	0.00161848550336329	4865.90954963645	-11.6260650232157	0	95528.9400030736	5000	2500	 -10	0	0	0
45	3	3	2331.28740863998	0.13246673248036	0	5215.64327505727	-9.54380128013151	2.22044604925031e-18	96214.4662453478	5000	2500	 -10	0	0	0
87	3	3	3322.49550708176	-0.743354268410359	0	4917.57842662402	-16.0459125990538	0.00442626734665276	96602.0127435111	5000	2500	 -10	0	0	0
4	4	3	2780.40377791705	-0.36656245007073	0.00721773990896184	4726.66633530577	-9.96560764811593	0	97693.2033209878	5000	2500	 -10	0	0	0
76	4	3	2451.45272189803	0.133217081577344	0.000766421457763598	4986.90552627223	-9.77668612003814	0	96264.8417642539	5000	2500	 -10	0	0	0
30	3	3	4774.05015954372	-10.4125685798099	8.92328081147964e-05	2672.83156401426	-0.168463299906215	0	95871.0743491935	5000	2500	 -10	0	0	0
88	4	3	5421.3081891005	-11.5132595503839	1.11022302462516e-17	2591.6192227708	-0.0896286372489952	1.99840144432528e-17	97410.7627720811	5000	2500	 -10	0	0	0
44	2	3	1594.22325728058	1.1780890246565	2.18935980456081e-15	5649.14483895076	-7.32928472865578	0	95502.1885131049	5000	2500	 -10	0	0	0
51	2	3	4878.58188806947	-11.0769371002258	0	2706.77568659987	-0.185745080288018	0	95827.5485620959	5000	2500	 -10	0	0	0
78	3	3	2240.19300748335	0.286112753626759	0	5382.37426026174	-9.35662474486787	0	97127.3822115248	5000	2500	 -10	0	0	0
56	3	3	2926.72118458574	-0.443107730277321	0	4755.62087033831	-11.8592899220522	0	96255.1041245905	5000	2500	 -10	0	0	0
56	2	3	2274.77541865458	0.302438543517726	4.44089209850063e-18	4840.59643118387	-8.66988934458037	0	94920.0977458861	5000	2500	 -10	0	0	0
55	3	3	5282.95039006905	-11.3644127614211	0	2539.3858710882	-0.0827805778891594	2.22044604925031e-18	95309.3337489143	5000	2500	 -10	0	0	0
72	3	3	4463.2807894557	-9.8652261755609	0	2824.69785479819	-0.529126986414338	0.00629615764255012	95255.8546834948	5000	2500	 -10	0	0	0
80	3	3	4122.27101145526	-10.8801030970788	0	3144.05246389846	-0.769601715049618	0.0105904826396225	94988.0011436115	5000	2500	 -10	0	0	0
31	2	3	2270.00405906639	0.243904227811597	0	5148.77141304802	-8.65400899215754	4.44089209850063e-18	97751.1537464321	5000	2500	 -10	0	0	0
16	3	3	2397.30455657252	0.270790371652204	0	5065.17334437605	-9.57961983164531	0	97159.5591258135	5000	2500	 -10	0	0	0
38	3	3	2672.42852792933	-0.267597266736711	0.00922444808062655	4667.29372936941	-9.86182368757243	0	95490.5517304185	5000	2500	 -10	0	0	0
92	2	3	3107.11616897809	-0.641360118591634	0.00601966923430941	4357.38966670769	-11.700105051537	0	95665.0966767893	5000	2500	 -10	0	0	0
11	4	3	2492.72546604659	-0.145262693832542	0.0086106602484775	4885.38354891129	-9.2337932626856	0	96019.0378231507	5000	2500	 -10	0	0	0
36	3	3	4671.39189948754	-12.7114249455826	0.00156926528379085	2947.60058233601	-0.445352786382291	0	94209.4836804513	5000	2500	 -10	0	0	0
65	1	3	2858.75386756274	-0.489118177189521	0	5055.73578853379	-11.9713550868764	0.00161201490820519	96594.1756814335	5000	2500	 -10	0	0	0
92	2	3	2148.03693574009	0.327668437519142	0	5319.61050827147	-9.2804412130377	8.88178419700125e-18	94603.4754374667	5000	2500	 -10	0	0	0
13	3	3	4404.14777348961	-12.7873575974107	5.55111512312578e-17	3235.82331530458	-0.753930623294703	0	96065.7956408228	5000	2500	 -10	0	0	0
98	3	3	2321.17207041534	0.21501390978337	0	5071.80379384383	-9.31260910229106	1.77635683940025e-17	95779.5044998588	5000	2500	 -10	0	0	0
90	3	3	2458.39181463036	0.0684834525003724	0	5063.17186176792	-9.73133421340902	8.88178419700125e-18	96904.9330316451	5000	2500	 -10	0	0	0
61	3	3	3058.8688760544	-0.517638800276055	0.00317929214081223	4302.5093975664	-12.2764481396214	0	93989.0640219592	5000	2500	 -10	0	0	0
20	3	3	5233.96679681887	-11.1750080942206	4.44089209850063e-18	2504.87252744381	0.0786717791359825	0	95611.4103640076	5000	2500	 -10	0	0	0
34	2	3	2466.86719299616	0.121040069663767	0	5046.33363175042	-9.6514851370025	0	97554.8603261981	5000	2500	 -10	0	0	0
88	4	3	4871.16270098796	-11.0594515044109	0	2717.19573915469	-0.207465448150662	0	95886.0723797893	5000	2500	 -10	0	0	0
63	3	3	4932.28423762942	-9.95522095592184	0.00206510513354484	2502.64683420563	0.154758579797736	0	96619.767250216	5000	2500	 -10	0	0	0
55	3	3	5074.1126608776	-9.08657767556811	0.00217252843729476	2230.674511402	0.367415219423199	0	95106.1743648573	5000	2500	 -10	0	0	0
39	3	3	4853.44408402472	-9.34165714774517	0	2418.8503403132	0.124887246339093	0	95406.9310570006	5000	2500	 -10	0	0	0
8	3	3	4979.96421986377	-10.4047937439396	0.00257161459298924	2562.96368754825	-0.158778152289177	0	95149.3892808744	5000	2500	 -10	0	0	0
88	3	3	5143.06245975561	-10.3605994376186	0	2537.9985488431	-0.0900022441241122	0.00805365032940077	96593.0485582584	5000	2500	 -10	0	0	0
6	2	3	5099.79277512054	-8.23707932902615	0	2181.95302638776	0.116072592997415	0.00617780791480164	95728.6366566338	5000	2500	 -10	0	0	0
52	2	3	2782.70274650987	-0.468889322565418	0.0154147661689995	4867.72189119861	-10.2424170196134	0	97406.8539791696	5000	2500	 -10	0	0	0
87	3	3	2372.50358862319	0.17366974630221	2.22044604925031e-18	5228.59937191935	-9.73535155947707	0.00322173718467949	96954.9624799354	5000	2500	 -10	0	0	0
60	3	3	4872.50607422884	-10.0388531680691	0	2551.47171246791	0.0290247171191034	0.00567758705975272	96121.3356321524	5000	2500	 -10	0	0	0
