run	imp	exit_code	data_1_theta_1	data_1_gamma_1	data_1_e_1	data_1_theta_2	data_1_gamma_2	data_1_e_2	lnL	sim_theta_1	sim_theta_2	sim_gamma_1	sim_gamma_2	sim_e_1	sim_e_2
40	3	3	15997.2908953091	-500	0	12000.2884771517	-2.91123519517517	0	215656.797022884	10000	3000	 -5	0	0	0
14	3	3	1712.3886042066	-36.9048111803584	0	11763.7574155308	-2.84376758502924	0	214081.630531741	10000	3000	 -5	0	0	0
55	2	3	10009.1710715646	-5.7045621885811	0	1732.84240528212	100	0	214445.372859619	10000	3000	 -5	0	0	0
22	3	3	1523.61229424591	40.2595889072014	0	10697.0837766107	-5.35062670597207	0	214998.193045044	10000	3000	 -5	0	0	0
67	3	3	10171.9651189654	-5.73187566121045	0	1695.44754459496	100	0	214372.475471947	10000	3000	 -5	0	0	0
95	4	3	9976.72503724144	-5.59267228134839	0	1697.52944234335	100	0	213561.424406286	10000	3000	 -5	0	0	0
95	4	3	12501.7308201472	-3.11686198830571	0	2706.55649209102	-189.276889644636	0	216014.631621462	10000	3000	 -5	0	0	0
24	3	3	8842.83852593559	-409.539505870697	0	12067.1616445172	-2.91056931807995	0	215056.182425639	10000	3000	 -5	0	0	0
10	3	3	1294.02350129398	-23.2575971432288	0	12023.8818927866	-3.02256397633727	0	214548.209128021	10000	3000	 -5	0	0	0
60	3	3	10815.0429872048	-8.66313882974286	0	2304.08659044722	24.4000121223143	0	215409.575390711	10000	3000	 -5	0	0	0
87	4	3	2819.82211689945	-200.090832480591	0	12596.6390396372	-3.17045043939809	0	216229.441499373	10000	3000	 -5	0	0	0
7	4	3	793.813979466881	-500	0	12802.8152161032	-3.26515557882387	0	215109.422468166	10000	3000	 -5	0	0	0
40	4	3	2649.83999598615	-284.417746707082	0	12428.240920197	-3.1240368031815	0	213497.937519272	10000	3000	 -5	0	0	0
87	3	3	1022.35961677381	-98.8310129342238	0	12536.5256954473	-3.16235508885269	0	214555.411387611	10000	3000	 -5	0	0	0
97	3	3	10648.8097028165	-5.83203412954663	0	1707.14565299492	32.5270719423537	0	215703.294163366	10000	3000	 -5	0	0	0
59	3	3	10941.0915591102	-5.58351305964849	0	1587.52067834479	20.2737558777591	0	214169.509043879	10000	3000	 -5	0	0	0
99	3	3	1809.64482555472	19.0233336587241	0	10758.5609079383	-6.20553966585444	0	213370.606451967	10000	3000	 -5	0	0	0
23	3	3	11764.8549203867	-3.02901201874051	0	1269.54126808553	-13.383692490035	0	212737.809510461	10000	3000	 -5	0	0	0
26	3	3	10652.1729289984	-6.84049177144729	0	1962.85380556699	29.0904136398302	0	215445.740901818	10000	3000	 -5	0	0	0
12	3	3	4697.98051815696	-373.28988835077	0	12331.169177289	-3.08874920137583	0	213277.724234832	10000	3000	 -5	0	0	0
78	4	3	12187.321226512	-3.01675336786246	0	3800.27458250861	-88.4708868282401	0	217607.690131705	10000	3000	 -5	0	0	0
78	4	3	2118.78719359779	-21.5566997196582	0	11542.5037894626	-2.87721874228462	0	214878.983959349	10000	3000	 -5	0	0	0
86	3	3	10710.4699411473	-6.2352169192246	0	1817.5079479359	19.2697956373101	0	212832.649652182	10000	3000	 -5	0	0	0
72	3	3	9988.67924396596	-7.36386980461824	0	2106.57397895773	55.5186824170425	0	213107.810808405	10000	3000	 -5	0	0	0
51	3	3	6847.94608832099	-262.712079317082	0	12358.4145478387	-3.12257640130119	0	215214.513224193	10000	3000	 -5	0	0	0
98	3	3	9909.9204880518	-7.42032351759549	0	2168.01259149261	88.7153925357987	0	217055.069400701	10000	3000	 -5	0	0	0
87	3	3	2060.00466030601	-32.1054793578428	0	11713.1129371982	-2.90478204792131	0	213709.199412869	10000	3000	 -5	0	0	0
95	3	3	10827.574660835	-5.36974205841103	0	1524.70682446081	20.0047254491596	0	212534.822438255	10000	3000	 -5	0	0	0
14	3	3	2577.80193989426	-14.2674748310449	0	10654.3828452337	-2.57802560596196	0	213674.444598621	10000	3000	 -5	0	0	0
23	3	3	10768.3568877865	-2.69769511756999	0	2524.46977116119	-11.928609943294	0	214860.658548626	10000	3000	 -5	0	0	0
77	3	3	10747.4215762372	-7.86666989425904	0	2160.79782508453	24.2831344340728	0	214471.795924251	10000	3000	 -5	0	0	0
6	3	3	10312.6219552915	-5.77306325485746	0	1685.02514552561	47.9893159774736	0	212570.929125472	10000	3000	 -5	0	0	0
4	3	3	1912.13755271507	58.9162842834866	0	10294.2227983178	-6.5351293907482	0	215813.160273193	10000	3000	 -5	0	0	0
68	3	3	11387.2074039626	-5.41205993040456	0	1502.24522951554	9.16992215788381	0	212298.336975858	10000	3000	 -5	0	0	0
52	3	3	5461.14452816092	-223.828989049142	0	12121.4454754055	-3.01245199484524	0	213536.545282388	10000	3000	 -5	0	0	0
66	3	3	10854.5793234931	-5.61533352355314	0	1615.83477063889	28.8617159622446	0	216300.293515222	10000	3000	 -5	0	0	0
77	3	3	9260.25300600416	-2.27843807114736	0	3794.31400435761	-8.83919153155926	0	213867.78862265	10000	3000	 -5	0	0	0
94	5	3	11181.3469567755	-2.73716098268815	0	1858.65480114418	-11.8600907359848	0	215959.585468177	10000	3000	 -5	0	0	0
96	3	3	10079.6519310527	-7.52289125918613	0	2136.97734894177	57.792869469039	0	214534.014163625	10000	3000	 -5	0	0	0
4	4	3	982.829525206742	-28.8408130097392	0	12052.4366672044	-2.99840303566381	0	213123.846714103	10000	3000	 -5	0	0	0
75	3	3	10145.9441889474	-5.91771161150628	0	1814.00108459256	41.9770685899526	0	214507.307394792	10000	3000	 -5	0	0	0
12	3	3	2961.28879077277	-19.5332627213806	0	10760.9823822515	-2.62138553991916	0	212969.30683311	10000	3000	 -5	0	0	0
10	4	3	11327.8418566888	-2.72502563905929	0	2778.84451506048	-25.2524946091256	0	217116.347981339	10000	3000	 -5	0	0	0
100	3	3	11304.1483367546	-3.80998388322884	0	751.269465026307	60.8397225600144	0	214110.163282163	10000	3000	 -5	0	0	0
94	3	3	11860.3215494208	-2.97552950624728	0	2673.62783954362	-50.9990022921547	0	213461.805225744	10000	3000	 -5	0	0	0
95	4	3	10934.7011375864	-6.44675696640933	0	1955.1603160822	11.4492219926469	0	214513.314067672	10000	3000	 -5	0	0	0
87	3	3	1234.99421173307	36.8778639704357	0	10748.9781536739	-4.70936719019673	0	210858.566423412	10000	3000	 -5	0	0	0
74	3	3	1987.48836043141	63.8687303681564	0	10181.1192688273	-6.94734254606151	0	214085.253358892	10000	3000	 -5	0	0	0
43	3	3	4244.73196970841	-342.528012709481	0	12373.9565095108	-3.07086759705897	0	214600.390612265	10000	3000	 -5	0	0	0
33	3	3	2182.3637140266	43.7292532477323	0	10673.9712404495	-8.28470454216161	0	215419.885312858	10000	3000	 -5	0	0	0
56	3	3	10336.5235747533	-2.5620956971484	0	2919.52066175593	-10.908750566584	0	215065.568751227	10000	3000	 -5	0	0	0
7	3	3	2016.51765483176	17.929879623503	0	10748.3987442966	-6.94173528512791	0	213970.734287545	10000	3000	 -5	0	0	0
8	3	3	12296.6330651138	-3.01949075317212	0	3938.06571620646	-393.060936626846	0	214208.078700548	10000	3000	 -5	0	0	0
41	4	3	11558.8087769141	-3.92843074394173	0	740.80455669185	25.9906925593723	0	213244.802307339	10000	3000	 -5	0	0	0
61	3	3	2667.2577860523	-34.0412953662182	0	11527.4280872179	-2.87830534023395	0	212995.089798797	10000	3000	 -5	0	0	0
37	3	3	1925.04440830301	36.6220579290545	0	10296.0320499478	-6.64841599663481	0	212562.553814739	10000	3000	 -5	0	0	0
54	3	3	11950.5416343612	-2.93375734198869	0	16503.1646525239	-500	0	214191.094322154	10000	3000	 -5	0	0	0
58	1	3	11904.9410281744	-2.95526598183863	0	2667.99028938068	-84.688861425048	0	211902.878502705	10000	3000	 -5	0	0	0
78	3	3	9839.11170100416	-7.26487287375527	0	2095.16327349056	81.6588465941406	0	213297.73667453	10000	3000	 -5	0	0	0
52	3	3	3376.77347505843	-226.482542887465	0	12567.840997883	-3.2181372795286	0	214429.620289695	10000	3000	 -5	0	0	0
29	3	3	9914.68406155599	-6.35443581939346	0	1944.16345588438	48.5741608804725	0	213584.590063106	10000	3000	 -5	0	0	0
7	4	3	7052.71131526625	-500	0	12473.2589893817	-3.13209156038931	0	215040.787981362	10000	3000	 -5	0	0	0
66	3	3	10849.452750014	-6.86678762434023	0	1976.92223857517	19.6746834679171	0	215090.361144637	10000	3000	 -5	0	0	0
77	3	3	10708.6026764236	-500	0	12406.8216724081	-3.18418395278953	0	213549.291355675	10000	3000	 -5	0	0	0
100	3	3	9801.06637427787	-7.22148718555468	0	2104.2151610501	100	0	214502.500739784	10000	3000	 -5	0	0	0
38	4	3	12192.5672047006	-3.08074073671981	0	2383.21042973133	-98.2835340071964	0	212675.148650748	10000	3000	 -5	0	0	0
63	2	3	1914.28311501805	100	0	9978.02459857004	-6.45245425536962	0	214587.965845752	10000	3000	 -5	0	0	0
66	3	3	10501.5638852385	-6.92012991064167	0	2004.68171422036	19.6444154042037	0	211291.72923175	10000	3000	 -5	0	0	0
2	3	3	10136.070798568	-5.77649352783325	0	1724.05806709382	69.559473337027	0	213691.387664012	10000	3000	 -5	0	0	0
7	3	3	1918.3437202387	100	0	9959.37326925652	-6.39047020171892	0	215300.597955757	10000	3000	 -5	0	0	0
56	4	3	11986.3207794002	-2.95716854697084	0	13190.5311821125	-500	0	212977.053598218	10000	3000	 -5	0	0	0
98	3	3	10172.594582076	-6.29425192618227	0	1860.19079829959	43.82547461484	0	212750.653894511	10000	3000	 -5	0	0	0
51	3	3	1969.39017558535	-66.2287822323078	0	11958.3906080091	-2.9342617012804	0	213141.150623302	10000	3000	 -5	0	0	0
14	2	3	10012.2672253024	-7.05940406512388	0	2052.67975955014	63.5402018291399	0	214237.615887622	10000	3000	 -5	0	0	0
51	3	3	1657.56896768262	-76.9373198680419	0	12278.9487846691	-3.08339116166543	0	213725.611957828	10000	3000	 -5	0	0	0
59	3	3	11053.1762834066	-8.16876404191763	0	2216.2117389278	19.0940577636593	0	215628.011421187	10000	3000	 -5	0	0	0
10	3	3	5320.58373469643	-229.579566534648	0	12361.5955955265	-3.07670186971277	0	216118.879099994	10000	3000	 -5	0	0	0
36	3	3	1860.76706019535	14.2557029918279	0	11106.6271326487	-6.48086013461999	0	214270.76650796	10000	3000	 -5	0	0	0
97	3	3	11018.6694316382	-6.75495303638826	0	1913.41770819883	19.6850551184463	0	215447.73116603	10000	3000	 -5	0	0	0
44	3	3	7095.20148660718	-396.859692507304	0	12379.206598056	-3.08465070197723	0	215321.538468894	10000	3000	 -5	0	0	0
34	3	3	1363.79158955722	41.9605571638605	0	10931.0739840791	-5.06819278598835	0	214848.831283076	10000	3000	 -5	0	0	0
85	3	3	2169.11097676476	22.6843803296895	0	10816.7183322557	-7.92961584703821	0	214466.632854042	10000	3000	 -5	0	0	0
61	3	3	3509.55916576105	-108.169809569861	0	12067.9388819676	-3.01488035056809	0	213652.936977704	10000	3000	 -5	0	0	0
10	3	3	4700.003119789	-1.51945075861598	0	8240.11987802542	-4.631005616882	0	217159.450345552	10000	3000	 -5	0	0	0
43	3	3	12301.4828040557	-3.40799942918557	0	281.614149343979	18.9674295849666	0	215589.072271938	10000	3000	 -5	0	0	0
94	3	3	12579.5465605962	-3.12530269952466	0	2152.54804448086	-189.618391309675	0	216728.252967912	10000	3000	 -5	0	0	0
63	3	3	2061.05907437278	16.6076110785161	0	10540.3879749571	-7.0019072991396	0	212034.326672363	10000	3000	 -5	0	0	0
56	3	3	9951.05378470427	-2.33591877798558	0	3507.93178166583	-13.5799323357121	0	214367.294527407	10000	3000	 -5	0	0	0
64	3	3	1999.42246288965	56.4833200278079	0	10422.6505311591	-6.89728601290208	0	217874.860589678	10000	3000	 -5	0	0	0
56	4	3	8657.61958389785	-2.09932832729898	0	4820.29378817676	-9.44460436987323	0	214760.856203776	10000	3000	 -5	0	0	0
77	4	3	12194.780582719	-3.01736564321968	0	5416.36912905654	-452.768386488809	0	212635.221314248	10000	3000	 -5	0	0	0
82	4	3	11717.0162488974	-2.89279774524864	0	1659.64183870889	-22.4245569765391	0	214713.013093743	10000	3000	 -5	0	0	0
85	4	3	1221.47231649412	-35.9377107957792	0	11911.6286351846	-2.88818512868292	0	213812.659792774	10000	3000	 -5	0	0	0
14	3	3	3047.05804440041	-23.5316516238519	0	10903.7786341025	-2.68929480381668	0	211920.946315611	10000	3000	 -5	0	0	0
93	3	3	10453.5902067497	-4.89164235489587	0	1408.29008011373	47.0228513427325	0	213252.604022701	10000	3000	 -5	0	0	0
56	4	3	11445.9543353636	-2.87699021772376	0	2228.50562384347	-21.8577653324929	0	213473.734469888	10000	3000	 -5	0	0	0
98	4	3	11444.3859503718	-2.7820202761513	0	2175.76256239477	-22.2339846415088	0	215729.40492345	10000	3000	 -5	0	0	0
59	3	3	11234.1201149078	-5.62945173993837	0	1627.58643613122	10.0396060979176	0	213333.354751601	10000	3000	 -5	0	0	0
44	3	3	2026.61456757564	-426.338079185883	0	12184.6007185812	-3.02943819084947	0	210763.100256199	10000	3000	 -5	0	0	0
