run	imp	exit_code	theta_1	gamma_1	e_1	theta_2	gamma_2	e_2	theta_3	gamma_3	e_3	lnL	sim_theta_1	sim_gamma_1	sim_e_1	sim_theta_2	sim_gamma_2	sim_e_2	sim_theta_3	sim_gamma_3	sim_e_3	model	rep
329	1	3	0.00244479639061883	-27.2188747764011	0	0.0011140775879838	0.305532619060368	0.205274393307626	0.00645695373901863	-3.8694247707426	0	459451.307192005	0.002	0	0.05	0.006	-5	0.02	0.002	-30	0.01	full	rep1
2584	1	3	0.00383573503949023	-15.3300378278948	0	0.00602191250799893	-2.27125069501981	0.040256659233945	NA	NA	NA	459446.079383219	0.002	0	0.05	0.006	-5	0.02	0.002	-30	0.01	reduced	rep1
3784	1	3	0.00296814600497484	-23.0054541568182	0.0172120578027893	0.00567956977049457	-3.75371325551083	0.0015361610793575	0.00139548947285643	0.0723329576843097	0.130568802049971	459413.702085184	0.002	0	0.05	0.006	-5	0.02	0.002	-30	0.01	full	rep2
2297	1	3	0.00598198257160914	-2.2038717712264	0.0397148911168765	0.00396088334717228	-16.4284500741223	0	NA	NA	NA	459412.289232395	0.002	0	0.05	0.006	-5	0.02	0.002	-30	0.01	reduced	rep2
2826	1	3	0.00308370810072404	-16.0275838858759	0	0.00158923229408667	-0.26335509213394	0.140842213508246	0.00519816177846288	-3.65945642928205	0	464777.053294793	0.002	0	0.05	0.006	-5	0.02	0.002	-30	0.01	full	rep3
123	1	3	0.00525625072034054	-1.88226508670563	0.0438808951239897	0.00455894408792876	-11.7571012935908	0	NA	NA	NA	464775.851142611	0.002	0	0.05	0.006	-5	0.02	0.002	-30	0.01	reduced	rep3
1723	1	3	0.0016289147981099	0.947091725722889	0	0.00170868114478578	-46.2832506308843	0	0.00679289303832218	-5.39921147765291	0.0340075280613299	458173.201277491	0.002	0	0.05	0.006	-5	0.02	0.002	-30	0.01	full	rep4
6279	1	3	0.00496696467672903	-1.73429062108039	0.0480084392457186	0.00476682068505062	-11.677937486565	0	NA	NA	NA	458164.275875395	0.002	0	0.05	0.006	-5	0.02	0.002	-30	0.01	reduced	rep4
1577	1	3	0.00248964651159955	-26.9511785053487	0	0.00517427660634621	-4.09440481292844	0	0.00226221433886229	-0.993645104014783	0.108675229303759	456118.232401297	0.002	0	0.05	0.006	-5	0.02	0.002	-30	0.01	full	rep5
4610	1	3	0.00346184755156407	-17.7995511864046	0	0.00635664727025485	-2.37876024656814	0.0403356867469296	NA	NA	NA	456115.347006262	0.002	0	0.05	0.006	-5	0.02	0.002	-30	0.01	reduced	rep5
7816	1	3	0.000392197508934952	8.63064382811517	0.208636103252344	0.002922583969461	-23.0976774811277	0.050412384140586	0.00676537251948053	-3.37830347958853	0	465596.146901214	0.002	0	0.05	0.006	-5	0.02	0.002	-30	0.01	full	rep6
5053	1	3	0.00577976642545058	-2.10716678257938	0.0390771596616873	0.00414101114610308	-13.9805898004181	0	NA	NA	NA	465591.037507853	0.002	0	0.05	0.006	-5	0.02	0.002	-30	0.01	reduced	rep6
8594	1	3	0.000354256186199902	12.3486420971769	6.98964491937515e-06	0.00650299009712026	-3.24587417474414	0	0.00327934104766762	-23.9703321741093	0.0801892458848526	460248.557161168	0.002	0	0.05	0.006	-5	0.02	0.002	-30	0.01	full	rep7
5658	1	3	0.00401465233716731	-16.3800038307739	0	0.00597793297528455	-2.23290455294786	0.0415276796663445	NA	NA	NA	460244.349869319	0.002	0	0.05	0.006	-5	0.02	0.002	-30	0.01	reduced	rep7
7012	1	3	0.00512607389890999	-1.86123269287688	0.0467921883153282	0.00436543258186516	-10.9372161821756	0	0.0138296807828429	-4106.97488494727	0.0189058366965669	459762.056065065	0.002	0	0.05	0.006	-5	0.02	0.002	-30	0.01	full	rep8
3042	1	3	0.00424722466747015	-13.2635471926243	0	0.00555525211993812	-2.03873923940103	0.0442337779778619	NA	NA	NA	459758.430422577	0.002	0	0.05	0.006	-5	0.02	0.002	-30	0.01	reduced	rep8
5049	1	3	0.00492847345097478	-3.7199690244465	0.00415887495057466	0.00219502342483816	-1.01485525578665	0.0942640242302194	0.00278272652159308	-21.5790510078051	0	461452.42664413	0.002	0	0.05	0.006	-5	0.02	0.002	-30	0.01	full	rep9
6219	1	3	0.00624927367681035	-2.28102249540414	0.0374715086639943	0.00359308911417064	-16.3861134449381	0	NA	NA	NA	461451.205985788	0.002	0	0.05	0.006	-5	0.02	0.002	-30	0.01	reduced	rep9
3272	1	3	0.00216546452323793	-0.330228885452574	0.102387788792201	0.00225916491071224	-27.7007793547892	0	0.00562079726865934	-4.77063069889394	0	462611.473537523	0.002	0	0.05	0.006	-5	0.02	0.002	-30	0.01	full	rep10
7380	1	3	0.00441130578375351	-13.1930351079694	0	0.00544088868213941	-1.91046089757259	0.0429176414609444	NA	NA	NA	462606.532141864	0.002	0	0.05	0.006	-5	0.02	0.002	-30	0.01	reduced	rep10
5878	1	3	0.00390267129663589	-1.26170104935652	0.0598424746011983	0.00114740613787321	-57.2563744584406	0	0.00498347275420883	-7.52972733587762	0	460283.981284441	0.002	0	0.05	0.006	-5	0.02	0.002	-30	0.01	full	rep11
5309	1	3	0.00459603893187904	-11.4340085118596	0	0.00510064744707272	-1.78252569411023	0.046994746434951	NA	NA	NA	460279.839681859	0.002	0	0.05	0.006	-5	0.02	0.002	-30	0.01	reduced	rep11
9309	1	3	0.0074210834231715	-4.04424707865422	0	0.000603951377012818	4.44928190614712	0.346083174992723	0.00210868043354138	-36.6466302174984	0	463532.112291782	0.002	0	0.05	0.006	-5	0.02	0.002	-30	0.01	full	rep12
6649	1	3	0.00488427867178075	-10.6659392277032	0	0.00484847601295955	-1.66500339926949	0.0481907544259266	NA	NA	NA	463514.604601343	0.002	0	0.05	0.006	-5	0.02	0.002	-30	0.01	reduced	rep12
1035	1	3	0.00254260919257843	-24.3626155300592	0.0501369603265647	0.00652991445693138	-4.02440155671671	0.0139993941050993	0.000929683288401041	2.28195356220803	0.0532797734446928	461791.115375138	0.002	0	0.05	0.006	-5	0.02	0.002	-30	0.01	full	rep13
2653	1	3	0.00561272008969674	-1.99988706739296	0.0441542828992517	0.00422506030527707	-13.6571358552285	0	NA	NA	NA	461787.357942779	0.002	0	0.05	0.006	-5	0.02	0.002	-30	0.01	reduced	rep13
4285	1	3	0.00419602984642969	-1.47651615404051	0.0558928903534511	0.00118615367487424	-68.4203294906807	0	0.0048039292481209	-7.92899603814033	0	462013.866112016	0.002	0	0.05	0.006	-5	0.02	0.002	-30	0.01	full	rep14
9052	1	3	0.00443021231792202	-12.1183365865049	0	0.00535283358229689	-1.95116642879834	0.0449573935016625	NA	NA	NA	462009.419503216	0.002	0	0.05	0.006	-5	0.02	0.002	-30	0.01	reduced	rep14
292	1	3	0.00585815788657699	-3.4677010048879	0	0.00280898199005062	-17.5952148697057	0	0.00104372854489081	0.415838558067853	0.221720804103442	456677.096092391	0.002	0	0.05	0.006	-5	0.02	0.002	-30	0.01	full	rep15
2728	1	3	0.00428510777804179	-12.114418988215	0	0.0053542113537269	-1.92857021307195	0.0448682016331824	NA	NA	NA	456675.368185799	0.002	0	0.05	0.006	-5	0.02	0.002	-30	0.01	reduced	rep15
9538	1	3	0.00201839458702776	-39.0104704126781	0	0.0067761692386548	-4.82819127871162	0.0344537526221196	0.00139339986256402	0.985491483763252	0	460925.030345626	0.002	0	0.05	0.006	-5	0.02	0.002	-30	0.01	full	rep16
3615	1	3	0.00559984170598442	-2.06381604991737	0.0435516070606758	0.00425714697022576	-13.5866197855505	0	NA	NA	NA	460916.598834775	0.002	0	0.05	0.006	-5	0.02	0.002	-30	0.01	reduced	rep16
7218	1	3	0.00199927386578432	-27.4730426112933	0.0375675537529518	0.00523932592228471	-5.34660249995362	0.00560129684928261	0.00275870039160477	-0.647840814240605	0.059757089481	464841.20758857	0.002	0	0.05	0.006	-5	0.02	0.002	-30	0.01	full	rep17
2056	1	3	0.00388498397891239	-14.2437418007008	0	0.00596328075759855	-2.15030160574947	0.0424428766516371	NA	NA	NA	464838.099901558	0.002	0	0.05	0.006	-5	0.02	0.002	-30	0.01	reduced	rep17
3741	1	3	0.00343939036051439	-0.882557549219349	0.0322261743326821	0.00121830605567415	-47.6586023576966	0.0531417171165431	0.00545734102361665	-7.72612831527687	0.0155136449316777	460081.347749427	0.002	0	0.05	0.006	-5	0.02	0.002	-30	0.01	full	rep18
458	1	3	0.00472285096641768	-12.6555988511506	0.00898839157666891	0.00513967369891839	-1.82884975835158	0.0377778512262242	NA	NA	NA	460079.360542611	0.002	0	0.05	0.006	-5	0.02	0.002	-30	0.01	reduced	rep18
4286	1	3	0.00170701238448624	-54.4942510829315	0	0.00317689698480298	-1.09352838018363	0.071761305446684	0.00533313490396147	-5.87237893086905	0	461666.992938896	0.002	0	0.05	0.006	-5	0.02	0.002	-30	0.01	full	rep19
4478	1	3	0.00385489310674276	-14.07772837602	0	0.00593962294183081	-2.20512956462044	0.0403880727240265	NA	NA	NA	461658.668242027	0.002	0	0.05	0.006	-5	0.02	0.002	-30	0.01	reduced	rep19
6516	1	3	0.00267218136945109	-28.8169655455896	0.0501339265775493	0.000557035234385191	4.54460867464195	0.0148506989477754	0.0069514439253409	-3.73456946436195	0.0166659924381272	463082.621384166	0.002	0	0.05	0.006	-5	0.02	0.002	-30	0.01	full	rep20
7509	1	3	0.00593866667467425	-2.18063051409043	0.0406493284006369	0.00402332270050932	-15.461168592781	0	NA	NA	NA	463075.40277458	0.002	0	0.05	0.006	-5	0.02	0.002	-30	0.01	reduced	rep20
4404	1	3	0.00258038867925643	-0.777153553515769	0.0919504576603114	0.00563227407551714	-5.19134877959252	0	0.00204034406680966	-46.5253486242496	0	460320.601312649	0.002	0	0.05	0.006	-5	0.02	0.002	-30	0.01	full	rep21
2483	1	3	0.0037867980785232	-15.9230259788459	0	0.00609229340662967	-2.25622110796523	0.0413797533011518	NA	NA	NA	460311.4860185	0.002	0	0.05	0.006	-5	0.02	0.002	-30	0.01	reduced	rep21
4286	1	3	0.00328340415710118	-18.8908145214446	0	0.00265935427093468	-1.1703885167181	0.0701732220703755	0.00398555310540179	-3.84706538955488	0.0128943218427977	457364.89437027	0.002	0	0.05	0.006	-5	0.02	0.002	-30	0.01	full	rep22
5537	1	3	0.00589294237735404	-2.19051587744903	0.0412201240567953	0.00400096054647648	-15.8639814457066	0	NA	NA	NA	457363.712759164	0.002	0	0.05	0.006	-5	0.02	0.002	-30	0.01	reduced	rep22
6516	1	3	0.00210713243612003	-26.8205930418159	0	0.00251366244795086	-0.377168375291896	0.0119329294899473	0.00540228206286382	-5.3585097904165	0.040045602247533	463079.568668159	0.002	0	0.05	0.006	-5	0.02	0.002	-30	0.01	full	rep23
2215	1	3	0.00405008879670429	-14.5748491524176	0	0.00584246058084455	-2.11014493904908	0.0423925358458628	NA	NA	NA	463076.998716641	0.002	0	0.05	0.006	-5	0.02	0.002	-30	0.01	reduced	rep23
3410	1	3	0.00484555846853524	-7.64743355949542	0.0296929828255955	0.00117686148734406	-45.6108963682466	0	0.00393234190754531	-1.18724503947606	0.0277520827152332	460080.440993826	0.002	0	0.05	0.006	-5	0.02	0.002	-30	0.01	full	rep24
4175	1	3	0.00392474368702335	-13.8183877779455	0	0.00581491415204131	-2.09478523844284	0.0427132012108052	NA	NA	NA	460079.217138848	0.002	0	0.05	0.006	-5	0.02	0.002	-30	0.01	reduced	rep24
2355	1	3	0.00151599384787296	-0.449935822793569	0.144644760486536	0.00267873024861614	-21.3941289324426	0	0.00571618126235015	-3.6473358458239	0.00396381136849531	462138.114245781	0.002	0	0.05	0.006	-5	0.02	0.002	-30	0.01	full	rep25
1339	1	3	0.0037418759718256	-14.9982217342446	0	0.00608828999112725	-2.23956926893267	0.0411724167074976	NA	NA	NA	462136.32359058	0.002	0	0.05	0.006	-5	0.02	0.002	-30	0.01	reduced	rep25
2355	1	3	0.00371970880148417	-1.3107980454722	0.0654558229153217	0.00188499818307743	-35.1781328257087	0	0.00448517847600937	-6.10940051613531	0	462716.426766484	0.002	0	0.05	0.006	-5	0.02	0.002	-30	0.01	full	rep26
6912	1	3	0.0039599125074128	-14.6282167947694	0	0.00590386632182599	-2.13451573306676	0.0428629054027169	NA	NA	NA	462711.979966513	0.002	0	0.05	0.006	-5	0.02	0.002	-30	0.01	reduced	rep26
2865	1	3	0.00262953714318991	-24.3974846768967	0	0.000803695010536244	2.06003831890108	0.000635608626475042	0.00661857000519618	-3.8020201009578	0.0357802481243608	462616.033645927	0.002	0	0.05	0.006	-5	0.02	0.002	-30	0.01	full	rep27
8436	1	3	0.00562285621401728	-2.02075076864585	0.0445813290219299	0.00427778353257712	-13.9251337327385	0	NA	NA	NA	462611.263571972	0.002	0	0.05	0.006	-5	0.02	0.002	-30	0.01	reduced	rep27
8877	1	3	0.00393296526702232	-1.27559205377529	0.0579681924042506	0.00241014002468452	-272.84484593778	0	0.00524813706176831	-7.97322114688384	0	462833.026403599	0.002	0	0.05	0.006	-5	0.02	0.002	-30	0.01	full	rep28
6265	1	3	0.00466511395070962	-11.8245713317627	0	0.00514214123385177	-1.81875805098917	0.0457375132931384	NA	NA	NA	462822.380755186	0.002	0	0.05	0.006	-5	0.02	0.002	-30	0.01	reduced	rep28
4579	1	3	0.00247539835399299	-0.646682557640191	0.0965735203867352	0.00197543812011684	-50.5596592040867	0	0.00591932813388138	-5.27001220782846	0	465005.265260481	0.002	0	0.05	0.006	-5	0.02	0.002	-30	0.01	full	rep29
593	1	3	0.00398695807116527	-14.5663122728552	0	0.00593885581733106	-2.18271161906603	0.0427483394935503	NA	NA	NA	464994.158465146	0.002	0	0.05	0.006	-5	0.02	0.002	-30	0.01	reduced	rep29
9611	1	3	0.001027111618172	-35.1592497409801	0	0.00454861486216142	-8.22292848803411	0	0.00434358115742573	-1.47564773094869	0.0524858233552118	463326.949100234	0.002	0	0.05	0.006	-5	0.02	0.002	-30	0.01	full	rep30
8845	1	3	0.00465053063165705	-11.4473035737568	0	0.00511468209757934	-1.79140025435635	0.0452940109024082	NA	NA	NA	463325.191523782	0.002	0	0.05	0.006	-5	0.02	0.002	-30	0.01	reduced	rep30
1797	1	3	0.00449080643380589	-5.42461862685576	0	0.003230366213352	-1.03651903167719	0.0727505907924981	0.00229977916783608	-26.233153127604	0	461711.724794765	0.002	0	0.05	0.006	-5	0.02	0.002	-30	0.01	full	rep31
1472	1	3	0.00423330329848818	-14.1902781589017	0	0.00564024251846429	-1.99220640689132	0.0433067363936157	NA	NA	NA	461708.328638544	0.002	0	0.05	0.006	-5	0.02	0.002	-30	0.01	reduced	rep31
2555	1	3	0.00387614593524436	-7.07750519236846	0	0.00194580154895961	-32.2294162281773	0	0.00430924186609708	-1.58018802989073	0.0572422515429941	461531.220875533	0.002	0	0.05	0.006	-5	0.02	0.002	-30	0.01	full	rep32
7395	1	3	0.0058119510431313	-2.14029427693562	0.0437277779524408	0.00413916268151044	-15.0559536799929	0	NA	NA	NA	461528.41146078	0.002	0	0.05	0.006	-5	0.02	0.002	-30	0.01	reduced	rep32
5389	1	3	0.00318551099625576	-17.688779806426	0	0.000249953116937884	4.44131221995293	0.00397851437865256	0.00640039718318348	-2.84675832510622	0.036530975208036	460217.701049107	0.002	0	0.05	0.006	-5	0.02	0.002	-30	0.01	full	rep33
9452	1	3	0.00571277709646114	-2.07263268775535	0.0430759190369384	0.00406315102638143	-13.6277000860629	0	NA	NA	NA	460215.593414966	0.002	0	0.05	0.006	-5	0.02	0.002	-30	0.01	reduced	rep33
8296	1	3	0.00444955125671866	-1.54968432534624	0.0501058437232525	0.00415708708408288	-7.91107512058869	0	0.00115433794341848	-26.5023278226225	0.00500716342561752	460936.843248372	0.002	0	0.05	0.006	-5	0.02	0.002	-30	0.01	full	rep34
6818	1	3	0.00524116132758888	-1.861697786511	0.0438717188069555	0.00441750228856004	-11.3519112965106	0	NA	NA	NA	460935.485782018	0.002	0	0.05	0.006	-5	0.02	0.002	-30	0.01	reduced	rep34
6220	1	3	0.00347500953626429	-9.34187890857119	0	0.00506301483736825	-1.7813016056034	0.0436648218452039	0.00142999431400376	-26.2739505956501	0	464160.324242146	0.002	0	0.05	0.006	-5	0.02	0.002	-30	0.01	full	rep35
8698	1	3	0.0055960041863404	-1.98139469181425	0.0400183834867833	0.00428945745668226	-13.6459570791854	0	NA	NA	NA	464159.718012437	0.002	0	0.05	0.006	-5	0.02	0.002	-30	0.01	reduced	rep35
2338	1	3	0.00249054819694498	-0.389990801202044	0.0854875673893293	0.00599699699772423	-5.54118682117666	0	0.00167771147370236	-49.3034282921134	0	463906.873155375	0.002	0	0.05	0.006	-5	0.02	0.002	-30	0.01	full	rep36
243	1	3	0.00517327274081199	-1.75857674491787	0.0434250364847676	0.00456213615151787	-11.5693207649499	0	NA	NA	NA	463897.543802929	0.002	0	0.05	0.006	-5	0.02	0.002	-30	0.01	reduced	rep36
8295	1	3	0.00636669505428865	-3.52992126032121	0	0.00081271584297123	1.69096723141538	0.267302839022862	0.00294670437068333	-25.1010595094184	0	462599.536122099	0.002	0	0.05	0.006	-5	0.02	0.002	-30	0.01	full	rep37
468	1	3	0.00561967778182166	-1.91984851293862	0.0415515827890727	0.00434933759739594	-15.1959730774585	0	NA	NA	NA	462593.608908525	0.002	0	0.05	0.006	-5	0.02	0.002	-30	0.01	reduced	rep37
8754	1	3	0.00543531024549818	-1.93519946828497	0.0421563081209366	0.00247916693210781	-19.1579364778944	0	0.00207498170989218	-9.1485885470618	0.00954059136348401	464766.419611476	0.002	0	0.05	0.006	-5	0.02	0.002	-30	0.01	full	rep38
3287	1	3	0.00412446532379439	-14.8552378549209	0.00144928791074183	0.00583123119936021	-2.08219377733075	0.0417889660421306	NA	NA	NA	464766.006679057	0.002	0	0.05	0.006	-5	0.02	0.002	-30	0.01	reduced	rep38
2415	1	3	0.00154617304275115	-30.980985788366	0	0.00445847292155558	-6.67800613318286	0	0.00393617766660748	-1.43364955902512	0.0602819147282456	461956.483553757	0.002	0	0.05	0.006	-5	0.02	0.002	-30	0.01	full	rep39
5054	1	3	0.00420760050457103	-12.5425589775053	0	0.00556506004537157	-2.05400674002865	0.043858739165589	NA	NA	NA	461953.846013819	0.002	0	0.05	0.006	-5	0.02	0.002	-30	0.01	reduced	rep39
4773	1	3	0.0032802827823383	-0.944856212277252	0.0630075677041834	0.00138207450385591	-69.5786603905197	0.0431728597155063	0.00548648103020277	-6.91094891427612	0	455389.639791875	0.002	0	0.05	0.006	-5	0.02	0.002	-30	0.01	full	rep40
8183	1	3	0.00526872385912862	-1.93612453586321	0.0457264251741582	0.00439847336054164	-12.1518480768	0	NA	NA	NA	455383.763261178	0.002	0	0.05	0.006	-5	0.02	0.002	-30	0.01	reduced	rep40
4693	1	3	0.00164948092552973	-43.9357069575624	0	0.00322875860439663	-1.00985749117812	0.0674031852320834	0.00520357355294061	-5.91052417229926	0	462902.413355489	0.002	0	0.05	0.006	-5	0.02	0.002	-30	0.01	full	rep41
2838	1	3	0.00408674384308097	-12.9570228821359	0	0.005662919551314	-2.01893295516366	0.0401932554087011	NA	NA	NA	462895.324865748	0.002	0	0.05	0.006	-5	0.02	0.002	-30	0.01	reduced	rep41
8746	1	3	0.00528027437975741	-4.56768684752536	0	0.00249365566864482	-16.6441828110115	0	0.00205896010788807	-0.336492191746083	0.106495038965618	464210.144288364	0.002	0	0.05	0.006	-5	0.02	0.002	-30	0.01	full	rep42
6989	1	3	0.00507968857184087	-10.1988560393098	0	0.00467677004420656	-1.64377171994195	0.0482824639043545	NA	NA	NA	464208.798528079	0.002	0	0.05	0.006	-5	0.02	0.002	-30	0.01	reduced	rep42
9326	1	3	0.00514606871835497	-2.0489267911571	0	0.0043289438322022	-12.0623095759874	0.0414056823741198	0.00012771402741582	100	0.00119645044381048	460079.471495712	0.002	0	0.05	0.006	-5	0.02	0.002	-30	0.01	full	rep43
5647	1	3	0.00387157231553983	-13.0019738775071	0	0.0058127802790682	-2.14923787546578	0.0413506023380328	NA	NA	NA	460078.856761364	0.002	0	0.05	0.006	-5	0.02	0.002	-30	0.01	reduced	rep43
8092	1	3	0.00342230184889055	-1.02249288743406	0.059988791474599	0.00537152430704038	-6.80005528580397	0.00096052174255312	0.00157571106177929	-71.573039968383	0.0286777106080958	462654.983720586	0.002	0	0.05	0.006	-5	0.02	0.002	-30	0.01	full	rep44
9642	1	3	0.00556758408721491	-2.01674173910057	0.0428683971275028	0.00425284088375222	-13.0405311045794	0	NA	NA	NA	462647.66386222	0.002	0	0.05	0.006	-5	0.02	0.002	-30	0.01	reduced	rep44
8422	1	3	0.0036924483623565	-8.69963341998418	0.00096203378378487	0.00487910977416372	-1.72249241273765	0.047973753226079	0.00157385037691955	-50.99023152494	0	457190.263213945	0.002	0	0.05	0.006	-5	0.02	0.002	-30	0.01	full	rep45
5773	1	3	0.00390830357177659	-16.0152621348384	0	0.00592106797684362	-2.12290931830502	0.0411662154254525	NA	NA	NA	457185.79008514	0.002	0	0.05	0.006	-5	0.02	0.002	-30	0.01	reduced	rep45
1919	1	3	0.00647301991699395	-4.46584731476724	0.0321086805817582	0.00210088699383181	-24.00366910459	0	0.0012932492149568	1.00911448277157	0.0121010490109764	459835.391993563	0.002	0	0.05	0.006	-5	0.02	0.002	-30	0.01	full	rep46
617	1	3	0.00524723881977796	-1.90073303716325	0.0441534313668369	0.00447188075098164	-11.8158916119963	0	NA	NA	NA	459830.76191242	0.002	0	0.05	0.006	-5	0.02	0.002	-30	0.01	reduced	rep46
1008	1	3	0.00440158515553587	-1.45898161231746	0.0497507037609396	0.00500179839466764	-9.20103870896622	0	0.00778444721075882	-1544.54274620059	0.0209009697092176	463769.34628214	0.002	0	0.05	0.006	-5	0.02	0.002	-30	0.01	full	rep47
9980	1	3	0.00522970688229148	-1.83525489159588	0.0438543053156916	0.00461472265292767	-12.2602011786199	0	NA	NA	NA	463762.075314708	0.002	0	0.05	0.006	-5	0.02	0.002	-30	0.01	reduced	rep47
8349	1	3	0.0050742436315531	-7.10432939329576	0	0.00352192101457292	-0.953114984672944	0.048169810732049	0.0012147100006432	-31.658475496815	0.0899437434317821	459034.723566596	0.002	0	0.05	0.006	-5	0.02	0.002	-30	0.01	full	rep48
5863	1	3	0.00489498717897989	-10.8484009855976	0.0223854598023818	0.00475757743076786	-1.56216748062476	0.0311695001704443	NA	NA	NA	459032.609208162	0.002	0	0.05	0.006	-5	0.02	0.002	-30	0.01	reduced	rep48
8256	1	3	0.00436360245301894	-1.53269596282592	0.0533088555369833	0.00510650651981887	-8.95363252395076	0	0.00478232395111737	-1736.36032266266	0	461840.621657361	0.002	0	0.05	0.006	-5	0.02	0.002	-30	0.01	full	rep49
4460	1	3	0.00486236888398179	-10.3871833084926	0	0.00483622847861474	-1.73914756082008	0.0486512418109647	NA	NA	NA	461838.141266577	0.002	0	0.05	0.006	-5	0.02	0.002	-30	0.01	reduced	rep49
8311	1	3	0.00119467036550647	1.13598246291329	0.00366354228562804	0.00638676323461742	-4.23302592834492	0.0351767794395819	0.00236644994770283	-23.109148435769	0	462046.831326166	0.002	0	0.05	0.006	-5	0.02	0.002	-30	0.01	full	rep50
9586	1	3	0.00538207299100583	-1.93375407824353	0.044124311300231	0.00442678612065351	-12.5274236259664	0	NA	NA	NA	462043.711213744	0.002	0	0.05	0.006	-5	0.02	0.002	-30	0.01	reduced	rep50
1723	1	3	0.00608694686885337	-3.32675389949336	0	0.0028599042884939	-18.6019815168763	0	0.000892195789761635	0.255900706289911	0.272713489161869	460339.880609698	0.002	0	0.05	0.006	-5	0.02	0.002	-30	0.01	full	rep51
7255	1	3	0.00399894796480616	-13.4475095508299	0	0.00577311440078905	-2.14615164272208	0.0437069980484869	NA	NA	NA	460338.234616644	0.002	0	0.05	0.006	-5	0.02	0.002	-30	0.01	reduced	rep51
2574	1	3	0.00437376555608669	-12.5855377044652	0	0.00186372920835689	-1193.94404639222	0.160355151518006	0.00536663126083211	-1.91141776618376	0.0409890785294207	462248.653070694	0.002	0	0.05	0.006	-5	0.02	0.002	-30	0.01	full	rep52
6981	1	3	0.00423942565921185	-13.9712718788706	0	0.00564837826602318	-2.04682197745852	0.0412671146978717	NA	NA	NA	462247.29993251	0.002	0	0.05	0.006	-5	0.02	0.002	-30	0.01	reduced	rep52
9864	1	3	0.00306954859927633	-0.66002806483931	0.0344348550369883	0.00153974301389544	-52.0746648354157	0.0308002954592638	0.00549990796044685	-6.5851329641129	0.0190116330318977	457885.396423611	0.002	0	0.05	0.006	-5	0.02	0.002	-30	0.01	full	rep53
2159	1	3	0.00555359895363127	-1.97935576865449	0.0408848383913566	0.00418000476502613	-13.4654082218455	0.00293552461465281	NA	NA	NA	457879.119198944	0.002	0	0.05	0.006	-5	0.02	0.002	-30	0.01	reduced	rep53
4695	1	3	0.00412066901025288	-8.11450615243506	0	0.00137529246259968	-34.3366722966583	0	0.00454234968167947	-1.6326618296334	0.0524918051917946	463305.268729725	0.002	0	0.05	0.006	-5	0.02	0.002	-30	0.01	full	rep54
1189	1	3	0.0055354593371388	-2.01450424559759	0.0439815559298407	0.00433320969396791	-13.094055428838	0	NA	NA	NA	463303.231831476	0.002	0	0.05	0.006	-5	0.02	0.002	-30	0.01	reduced	rep54
8780	1	3	0.00165620766444887	-46.153590756592	0	0.00410778547943441	-1.36583588939224	0.051811290122608	0.00433816572797429	-7.21071596317141	0	458931.388865552	0.002	0	0.05	0.006	-5	0.02	0.002	-30	0.01	full	rep55
3727	1	3	0.00568937422522373	-2.00252985424988	0.0388570669827635	0.00409677290042304	-14.4508149661702	0	NA	NA	NA	458926.447497762	0.002	0	0.05	0.006	-5	0.02	0.002	-30	0.01	reduced	rep55
3395	1	3	0.00169320346531664	-61.4247026504874	0.0299112325445821	0.00175329887506941	0.481498270066333	0.0332063136235733	0.00678128722059978	-5.30598682690828	0.0225856200307805	459117.590741947	0.002	0	0.05	0.006	-5	0.02	0.002	-30	0.01	full	rep56
7266	1	3	0.0041378456800837	-12.4146462359922	0	0.00555167624800595	-2.05204481806177	0.0439004750829032	NA	NA	NA	459107.219166143	0.002	0	0.05	0.006	-5	0.02	0.002	-30	0.01	reduced	rep56
687	1	3	0.00461343998271649	-5.8559469379353	0	0.00345326040216592	-1.17246681296664	0.0681195715658937	0.00181767325949423	-26.1478953994436	0	462064.146585224	0.002	0	0.05	0.006	-5	0.02	0.002	-30	0.01	full	rep57
3813	1	3	0.00424796766098992	-12.3779538290203	0	0.00549561722109695	-1.97068942372185	0.0441576397426295	NA	NA	NA	462061.643370005	0.002	0	0.05	0.006	-5	0.02	0.002	-30	0.01	reduced	rep57
4188	1	3	0.00151338375050269	-37.7563049675722	0.0296994824081892	0.00260438431682228	-0.354099252605156	0.0628279293449869	0.00587340378695978	-6.11548852916849	0.00564173540112151	459173.129820147	0.002	0	0.05	0.006	-5	0.02	0.002	-30	0.01	full	rep58
4374	1	3	0.00500268272605716	-1.74815377002841	0.0462869194220537	0.00473111692320391	-11.6235632583334	0	NA	NA	NA	459169.436585526	0.002	0	0.05	0.006	-5	0.02	0.002	-30	0.01	reduced	rep58
8601	1	3	0.00630771694391992	-4.94520534025186	5.07652403154424e-07	0.00193365970602559	-0.135735043226641	0.119731039594762	0.0017181067577457	-34.0896286511867	2.02981054243212e-06	461076.726467428	0.002	0	0.05	0.006	-5	0.02	0.002	-30	0.01	full	rep59
3305	1	3	0.00452847641241255	-11.205148474827	0	0.00516423476179731	-1.8623307924954	0.047094908227602	NA	NA	NA	461069.786873302	0.002	0	0.05	0.006	-5	0.02	0.002	-30	0.01	reduced	rep59
9217	1	3	0.00187101339650213	-31.263020163305	0.0494188688990688	0.00145079145607116	1.00706861419864	0.103980945410651	0.00661793492863615	-4.74981415361072	0.000873585596207391	460895.14254868	0.002	0	0.05	0.006	-5	0.02	0.002	-30	0.01	full	rep60
9043	1	3	0.00511094531401276	-1.7628200531471	0.0450345472334353	0.00457526634732461	-11.424070786522	0	NA	NA	NA	460890.661076716	0.002	0	0.05	0.006	-5	0.02	0.002	-30	0.01	reduced	rep60
8008	1	3	0.00220175437133666	-26.6638233039525	0	0.00572178875042528	-4.52482362454905	0.00198387013789472	0.00205887587061234	-0.524020261162906	0.111529882979011	461754.190909147	0.002	0	0.05	0.006	-5	0.02	0.002	-30	0.01	full	rep61
5079	1	3	0.00580841190972798	-2.15405030450105	0.0434117496940466	0.00401470274132029	-13.7478629107266	0	NA	NA	NA	461750.113310842	0.002	0	0.05	0.006	-5	0.02	0.002	-30	0.01	reduced	rep61
9209	1	3	0.000541076612331395	3.27502249358843	0.404925052177375	0.00705504293310062	-3.60628063509186	0	0.00231348732897877	-25.5409004385824	0	462283.713207608	0.002	0	0.05	0.006	-5	0.02	0.002	-30	0.01	full	rep62
803	1	3	0.00559399185712465	-2.00319181839471	0.0422803190812965	0.00413273861432149	-12.5677947528153	0	NA	NA	NA	462277.917758794	0.002	0	0.05	0.006	-5	0.02	0.002	-30	0.01	reduced	rep62
2851	1	3	0.000309139592389538	10.3868951656896	0.712926929837278	0.00645825224339347	-3.09434805414204	0	0.00315854654944801	-19.2160819429372	0	462080.536931797	0.002	0	0.05	0.006	-5	0.02	0.002	-30	0.01	full	rep63
9846	1	3	0.00411854384265438	-13.6827496361647	0	0.00572254543500459	-2.10323247874938	0.0418861230650248	NA	NA	NA	462076.481154777	0.002	0	0.05	0.006	-5	0.02	0.002	-30	0.01	reduced	rep63
9326	1	3	0.00184047722518981	-38.5161143251348	0	0.0057795719562033	-5.2749965303518	0	0.0024697762543079	-0.461176554187974	0.0934102723383564	463131.776130569	0.002	0	0.05	0.006	-5	0.02	0.002	-30	0.01	full	rep64
714	1	3	0.00432249267999682	-12.6777343309724	0	0.00545875429309386	-1.89419460120246	0.0446046243738029	NA	NA	NA	463124.412528251	0.002	0	0.05	0.006	-5	0.02	0.002	-30	0.01	reduced	rep64
4963	1	3	0.00447966247861072	-8.97086364253963	0	0.000854600152520193	-72.1139465191423	0	0.00470289174612986	-1.75730161290618	0.0478723281761265	460378.286237418	0.002	0	0.05	0.006	-5	0.02	0.002	-30	0.01	full	rep65
2364	1	3	0.00541703115732959	-2.03545659087698	0.0422611040994368	0.00431887472861721	-12.0048580176548	0	NA	NA	NA	460376.089678742	0.002	0	0.05	0.006	-5	0.02	0.002	-30	0.01	reduced	rep65
9724	1	3	0.000344580599522136	-67.6703930494535	0	0.00427597510787397	-11.1982297070141	0.0042221919343704	0.00522376084743998	-1.83210286942554	0.0425864319928598	461281.048441498	0.002	0	0.05	0.006	-5	0.02	0.002	-30	0.01	full	rep66
1242	1	3	0.00421855990675431	-12.6751387746076	0	0.00552152978951968	-1.96504026973613	0.0433447701627793	NA	NA	NA	461280.81891645	0.002	0	0.05	0.006	-5	0.02	0.002	-30	0.01	reduced	rep66
9326	1	3	0.00153424692182054	-39.9137933047764	0	0.00574350859945723	-6.36463212790108	0.0382988229061483	0.00277725964805332	-0.504672434218113	0.00942648649589593	459075.992010516	0.002	0	0.05	0.006	-5	0.02	0.002	-30	0.01	full	rep67
2620	1	3	0.00414883970465119	-13.6454814477899	0	0.00566001799044777	-2.11242470639554	0.0430044862573299	NA	NA	NA	459071.222765637	0.002	0	0.05	0.006	-5	0.02	0.002	-30	0.01	reduced	rep67
8094	1	3	0.0055999790319922	-5.08143889580963	0.0416336116691202	0.00225413099448925	-23.4756683464888	0	0.00213756850063108	-0.105881157517834	0.00176149516450699	462012.543510706	0.002	0	0.05	0.006	-5	0.02	0.002	-30	0.01	full	rep68
1073	1	3	0.00424794396380425	-13.7042772314347	0	0.00563710240081124	-2.08252698552357	0.042332161716723	NA	NA	NA	462010.206620102	0.002	0	0.05	0.006	-5	0.02	0.002	-30	0.01	reduced	rep68
1378	1	3	0.0012217477655955	-959.491987584481	0.0594065053816611	0.00534935156925277	-1.88910938918318	0.0430987958983226	0.00443497806482425	-12.6188558510058	0	463283.799230152	0.002	0	0.05	0.006	-5	0.02	0.002	-30	0.01	full	rep69
4551	1	3	0.00549366846876964	-1.95421617883842	0.0427610505790486	0.00440462673685983	-13.4615537836293	0	NA	NA	NA	463283.37381288	0.002	0	0.05	0.006	-5	0.02	0.002	-30	0.01	reduced	rep69
5689	1	3	0.00516206057559593	-5.89698967435664	0.000217565623245941	0.00319033298139079	-1.04790474662198	0.0682137801291793	0.00164830573741465	-39.8765575492494	0.0240393938533333	459274.886273362	0.002	0	0.05	0.006	-5	0.02	0.002	-30	0.01	full	rep70
5441	1	3	0.0058904714495058	-2.19011473940236	0.0426340166772557	0.00384214108573834	-13.7994449813689	0	NA	NA	NA	459269.9949093	0.002	0	0.05	0.006	-5	0.02	0.002	-30	0.01	reduced	rep70
4301	1	3	0.00176828238493894	0.64932270143975	0.000441773317655196	0.00135904143366262	-40.104406675245	0	0.00681599215546057	-5.55100236709835	0.0337600650745326	460038.346218473	0.002	0	0.05	0.006	-5	0.02	0.002	-30	0.01	full	rep71
339	1	3	0.00479311752036166	-1.69856002286087	0.0487883225851437	0.0048706079427514	-10.426712958803	0	NA	NA	NA	460033.177228362	0.002	0	0.05	0.006	-5	0.02	0.002	-30	0.01	reduced	rep71
5689	1	3	0.000872122624486556	2.82668028494647	0.000182374675484804	0.00705703799335488	-4.35833794070889	0.0164891279061567	0.00224003677943104	-31.1332572540082	0.0715270567066482	464301.166609448	0.002	0	0.05	0.006	-5	0.02	0.002	-30	0.01	full	rep72
7264	1	3	0.00431346003176862	-13.1354011082478	0.00200065495216205	0.00558595493072871	-2.07105191421845	0.0417695337311543	NA	NA	NA	464293.195531186	0.002	0	0.05	0.006	-5	0.02	0.002	-30	0.01	reduced	rep72
5484	1	3	0.00523337314177129	-6.89063154695835	0	0.00354563175051896	-1.1154269403688	0.0655998096045466	0.00144335150040616	-64.5192556812923	0	460978.223943099	0.002	0	0.05	0.006	-5	0.02	0.002	-30	0.01	full	rep73
6427	1	3	0.00447141950869607	-12.0778889442956	0	0.00528137993593186	-1.88098429012234	0.0457187012283124	NA	NA	NA	460971.267341331	0.002	0	0.05	0.006	-5	0.02	0.002	-30	0.01	reduced	rep73
8594	1	3	0.00164818147353292	0.558999465539666	1.81461058765953e-05	0.00646006671369042	-5.04189005025279	0.0370259971972764	0.00187292913094778	-28.6159031602439	0	460826.91830701	0.002	0	0.05	0.006	-5	0.02	0.002	-30	0.01	full	rep74
8869	1	3	0.005353800290291	-1.98445808998535	0.0455940218633915	0.00444470905648135	-12.2795017206982	0	NA	NA	NA	460823.193974334	0.002	0	0.05	0.006	-5	0.02	0.002	-30	0.01	reduced	rep74
8410	1	3	0.000284678989420512	13.9626946731438	0.769017894766537	0.00671950938529106	-3.10432805636227	0	0.00291239255021875	-21.412039269925	0	463553.879038684	0.002	0	0.05	0.006	-5	0.02	0.002	-30	0.01	full	rep75
8541	1	3	0.00364123585640899	-15.2015416851778	0	0.00619227548614845	-2.27608541520218	0.0387839150694863	NA	NA	NA	463549.492741596	0.002	0	0.05	0.006	-5	0.02	0.002	-30	0.01	reduced	rep75
4929	1	3	0.00182227031999296	-34.1696974159116	0	0.00375996804547219	-1.34372844433179	0.064428825731778	0.00444211068535538	-6.20295124322605	0	460793.173340897	0.002	0	0.05	0.006	-5	0.02	0.002	-30	0.01	full	rep76
2307	1	3	0.00584188050298295	-2.12961835360672	0.0430201855363745	0.00397251152499165	-14.2672248721185	0	NA	NA	NA	460789.2437572	0.002	0	0.05	0.006	-5	0.02	0.002	-30	0.01	reduced	rep76
6688	1	3	0.00409806316665526	-4620.99786894988	0.0397628749140449	0.0056211311760725	-2.08770005879168	0.0441992202582107	0.00420883247120176	-12.9803452145448	0	464154.158155845	0.002	0	0.05	0.006	-5	0.02	0.002	-30	0.01	full	rep77
7958	1	3	0.00419504961637101	-13.6247367327135	0	0.00571882134986007	-2.12802209887988	0.0438506466256735	NA	NA	NA	464153.872859141	0.002	0	0.05	0.006	-5	0.02	0.002	-30	0.01	reduced	rep77
2490	1	3	0.00200125211700175	-38.6847910445954	0.0223619637663654	0.00135663887963608	0.937527456327164	3.79901910238667e-05	0.00673865897655544	-4.67483607194435	0.0297336446440535	458881.655410274	0.002	0	0.05	0.006	-5	0.02	0.002	-30	0.01	full	rep78
4484	1	3	0.00598490582809845	-2.2400898413249	0.0396606662850593	0.00381279442528756	-14.8884941365061	0	NA	NA	NA	458875.105948278	0.002	0	0.05	0.006	-5	0.02	0.002	-30	0.01	reduced	rep78
2536	1	3	0.00495135058108763	-6.14044132848299	0	0.00329201928303833	-1.01387513816764	0.0549164699417194	0.00193808473014146	-41.6351886694097	0.0381175776265115	459394.541407645	0.002	0	0.05	0.006	-5	0.02	0.002	-30	0.01	full	rep79
7560	1	3	0.00384329285366239	-16.1742010312745	0	0.00604666428598269	-2.24039397330803	0.0384197911944823	NA	NA	NA	459390.321806408	0.002	0	0.05	0.006	-5	0.02	0.002	-30	0.01	reduced	rep79
3347	1	3	0.000746189884625725	-39.2829261603802	0	0.00419452856539948	-10.0999186152384	0	0.00498601779179991	-1.81524431216825	0.0475609783644207	460840.957243819	0.002	0	0.05	0.006	-5	0.02	0.002	-30	0.01	full	rep80
6781	1	3	0.00538233299816932	-1.97036975936018	0.0444905396859545	0.00442641328250458	-12.56988260467	0	NA	NA	NA	460839.670728795	0.002	0	0.05	0.006	-5	0.02	0.002	-30	0.01	reduced	rep80
6943	1	3	0.00192185055861385	-0.237088578719258	0.114408354199114	0.00203651949696111	-34.3389455042856	0	0.00612776415319814	-4.65303385845428	0.000939230596844032	463097.736791339	0.002	0	0.05	0.006	-5	0.02	0.002	-30	0.01	full	rep81
5924	1	3	0.00401984220397693	-13.8440769997098	0	0.00580849884127852	-2.10809064402383	0.0412291492646061	NA	NA	NA	463090.762372877	0.002	0	0.05	0.006	-5	0.02	0.002	-30	0.01	reduced	rep81
6839	1	3	0.00240601207507628	-28.1842575496118	0	0.00203225744204564	-0.465594723800904	0.110782929893507	0.00562953091311293	-4.48510943138263	0	460461.758274902	0.002	0	0.05	0.006	-5	0.02	0.002	-30	0.01	full	rep82
2006	1	3	0.00578206637029421	-2.1245976522715	0.0409848195421864	0.00409880883268051	-14.6748568994136	0	NA	NA	NA	460457.010115169	0.002	0	0.05	0.006	-5	0.02	0.002	-30	0.01	reduced	rep82
444	1	3	0.00495473136639457	-4.49708512967525	0	0.00265283095797558	-21.5132797279106	0	0.00234896171440728	-0.682974860571346	0.0972928359680315	460271.3529567	0.002	0	0.05	0.006	-5	0.02	0.002	-30	0.01	full	rep83
3944	1	3	0.00548406158208923	-1.98969797390487	0.0433012210665708	0.00436494231109479	-13.4319804997152	0	NA	NA	NA	460268.937062528	0.002	0	0.05	0.006	-5	0.02	0.002	-30	0.01	reduced	rep83
1878	1	3	0.00271406495733652	-0.755087021871453	0.0743740932167229	0.00225054733266981	-40.6736540308481	0.0303962282725867	0.0052777221576046	-5.2044534904589	0	459618.516490165	0.002	0	0.05	0.006	-5	0.02	0.002	-30	0.01	full	rep84
8306	1	3	0.00362365843626064	-18.4703088132204	0	0.00632979727610131	-2.32980127932113	0.0400503729457594	NA	NA	NA	459612.561502282	0.002	0	0.05	0.006	-5	0.02	0.002	-30	0.01	reduced	rep84
6166	1	3	0.00194142187866551	-0.276145159179996	0.119452849786376	0.00200690606619756	-24.5949092334297	0	0.00582153992761245	-4.61028704840312	0	456402.355109918	0.002	0	0.05	0.006	-5	0.02	0.002	-30	0.01	full	rep85
2864	1	3	0.00525262877468295	-1.90575247900777	0.0461190970767193	0.00436433284561367	-11.6472057662188	0	NA	NA	NA	456399.038136066	0.002	0	0.05	0.006	-5	0.02	0.002	-30	0.01	reduced	rep85
4007	1	3	0.000622135425679211	2.65431059945237	0.00341615838370452	0.00678631511036323	-3.59851910514676	0.0322977963126225	0.00262634614715865	-24.7909672051915	0.00519540891379516	462874.549868353	0.002	0	0.05	0.006	-5	0.02	0.002	-30	0.01	full	rep86
8819	1	3	0.00584818093416129	-2.12071347627619	0.0420575549693978	0.00403898593060837	-14.5577358565847	0	NA	NA	NA	462870.062216709	0.002	0	0.05	0.006	-5	0.02	0.002	-30	0.01	reduced	rep86
9292	1	3	0.00194478439370559	-31.0538575723746	0	0.00153985967453064	0.320847964518207	0.145810334453778	0.00646421789935035	-4.57990860892146	0	459412.11827916	0.002	0	0.05	0.006	-5	0.02	0.002	-30	0.01	full	rep87
7927	1	3	0.00452733723462502	-11.6239865121463	0	0.00517201551634229	-1.8505715459837	0.0460127625908595	NA	NA	NA	459405.260468884	0.002	0	0.05	0.006	-5	0.02	0.002	-30	0.01	reduced	rep87
2903	1	3	0.00181407949260343	0.319028300957262	0.00385594944378572	0.00650018887629656	-5.03151209107634	0.0347422894248568	0.00164373065088818	-37.8065701072948	0	461579.316229421	0.002	0	0.05	0.006	-5	0.02	0.002	-30	0.01	full	rep88
8114	1	3	0.00574943125827835	-2.08334922047271	0.0414524089142193	0.00394691038797106	-12.8392338263764	0	NA	NA	NA	461574.871025433	0.002	0	0.05	0.006	-5	0.02	0.002	-30	0.01	reduced	rep88
4704	1	3	0.00426180580112962	-10.076487916184	0	0.0272668560448798	-4639.25398330901	0	0.00507008273598692	-1.83678425683213	0.0492654665236894	462273.212439228	0.002	0	0.05	0.006	-5	0.02	0.002	-30	0.01	full	rep89
1025	1	3	0.00591251056030743	-2.16735097166658	0.0433269267432592	0.00399697268516195	-15.0056699600607	0	NA	NA	NA	462262.204462964	0.002	0	0.05	0.006	-5	0.02	0.002	-30	0.01	reduced	rep89
6955	1	3	0.00236640349060859	-1.08717446480861	0.104242313190319	0.0046718634844897	-3.83995512098045	0	0.0028513884217297	-19.8098990648337	0	460787.895608021	0.002	0	0.05	0.006	-5	0.02	0.002	-30	0.01	full	rep90
557	1	3	0.00378034431893971	-15.1760139749443	0	0.0060572995601512	-2.23841464176832	0.0419611996607623	NA	NA	NA	460786.375792996	0.002	0	0.05	0.006	-5	0.02	0.002	-30	0.01	reduced	rep90
8339	1	3	0.00327295378827587	-0.839036801977593	0	0.00497406128292223	-6.65291114675714	0.0509050760256348	0.0018581260514649	-30.2383948474973	0	462052.482196387	0.002	0	0.05	0.006	-5	0.02	0.002	-30	0.01	full	rep91
3643	1	3	0.00411606903207379	-15.1503322890503	0.00510533021108925	0.00584576650881107	-2.16618163455058	0.0390102720076362	NA	NA	NA	462051.029615741	0.002	0	0.05	0.006	-5	0.02	0.002	-30	0.01	reduced	rep91
9619	1	3	0.0016481261680514	-83.5072862523996	0	0.00381663295827062	-1.21889529082058	0.0603574534107952	0.00489524968642784	-6.96342996197569	0	459708.854580066	0.002	0	0.05	0.006	-5	0.02	0.002	-30	0.01	full	rep92
6223	1	3	0.00405844485708274	-13.4317583080795	0	0.00565417127800172	-1.98448342914548	0.0424960439202537	NA	NA	NA	459699.432855777	0.002	0	0.05	0.006	-5	0.02	0.002	-30	0.01	reduced	rep92
635	1	3	0.00151935837190668	-37.3846217605368	0	0.00232819670055157	-0.309563360398918	0.0204437396794538	0.00613338064761083	-5.65904096315404	0.0338126918462641	459827.642606283	0.002	0	0.05	0.006	-5	0.02	0.002	-30	0.01	full	rep93
4859	1	3	0.00403071791344568	-12.8441632613728	0	0.00571773128054733	-2.17903875519027	0.0448873190893895	NA	NA	NA	459824.294297884	0.002	0	0.05	0.006	-5	0.02	0.002	-30	0.01	reduced	rep93
9627	1	3	0.00203799317750229	-30.4699950479508	0	0.00154664132273603	0.641505587977198	0	0.00641619326367962	-4.71147843446095	0.0363293031753028	460558.055315899	0.002	0	0.05	0.006	-5	0.02	0.002	-30	0.01	full	rep94
3216	1	3	0.00567577267500151	-2.06234455929967	0.0423898246892005	0.00412075922469349	-13.6109338017716	0	NA	NA	NA	460553.161123222	0.002	0	0.05	0.006	-5	0.02	0.002	-30	0.01	reduced	rep94
1075	1	3	0.00135423125026498	-56.2257071787644	0	0.00449235287227473	-7.86553160591118	0	0.00422282723612338	-1.40176846246895	0.0511229941840171	457657.816817858	0.002	0	0.05	0.006	-5	0.02	0.002	-30	0.01	full	rep95
6118	1	3	0.00426060691810169	-13.2070311589336	0	0.00545343684838498	-1.91294758467513	0.0408268991131069	NA	NA	NA	457653.154195457	0.002	0	0.05	0.006	-5	0.02	0.002	-30	0.01	reduced	rep95
3702	1	3	0.000986404095349415	-80.0388168835531	0	0.00491249366934486	-1.68742108371189	0.0454792439256375	0.00430083028973373	-10.1496930951085	0	461046.792452632	0.002	0	0.05	0.006	-5	0.02	0.002	-30	0.01	full	rep96
8815	1	3	0.00435913731743797	-13.6193691232032	0	0.00548160513731308	-1.92087896222113	0.0414661810268144	NA	NA	NA	461044.277834025	0.002	0	0.05	0.006	-5	0.02	0.002	-30	0.01	reduced	rep96
4848	1	3	0.0084495510703931	-3498.65617798795	0.070808188299505	0.00399167785646052	-14.0454358441641	0	0.00572859449462327	-2.08264212953113	0.0416560410211409	461096.645114905	0.002	0	0.05	0.006	-5	0.02	0.002	-30	0.01	full	rep97
9390	1	3	0.00395538181562855	-16.4915992747099	0	0.00602032552586612	-2.20959731766367	0.0413019949264921	NA	NA	NA	461094.928353287	0.002	0	0.05	0.006	-5	0.02	0.002	-30	0.01	reduced	rep97
5793	1	3	0.00292629586879704	-0.394688054678425	0	0.0060956376031183	-7.10188371932836	0.0427785382029027	0.00105902213969119	-85.0480462429332	0	458587.497606486	0.002	0	0.05	0.006	-5	0.02	0.002	-30	0.01	full	rep98
3843	1	3	0.00520000564286795	-1.82418409058218	0.0430344840742717	0.00444708344238589	-11.5993804321265	0.00723124641668748	NA	NA	NA	458583.944716511	0.002	0	0.05	0.006	-5	0.02	0.002	-30	0.01	reduced	rep98
2483	1	3	0.00325739256304195	-1.0067381515215	0.0633477145895485	0.0015118595600836	-47.109738174031	0	0.00538816297359133	-6.45082501861814	0.00418787960848946	462683.698132314	0.002	0	0.05	0.006	-5	0.02	0.002	-30	0.01	full	rep99
437	1	3	0.00444133229559966	-12.3053413316387	0	0.00537524703330468	-1.96418068723253	0.0440762102370903	NA	NA	NA	462677.501832833	0.002	0	0.05	0.006	-5	0.02	0.002	-30	0.01	reduced	rep99
1961	1	3	0.0040727276980085	-12.4375843270211	0	0.00543090416460165	-1.97404044589683	0.0436179715278378	0.00135817333882436	-275.354230335831	0.00129768541069325	458612.275012667	0.002	0	0.05	0.006	-5	0.02	0.002	-30	0.01	full	rep100
9254	1	3	0.00412558862809428	-15.3697679689333	0	0.00577771470631139	-2.11251646214274	0.0415282691797952	NA	NA	NA	458609.797313929	0.002	0	0.05	0.006	-5	0.02	0.002	-30	0.01	reduced	rep100
