run	imp	exit_code	theta_1	gamma_1	e_1	theta_2	gamma_2	e_2	theta_3	gamma_3	e_3	lnL	sim_theta_1	sim_gamma_1	sim_e_1	sim_theta_2	sim_gamma_2	sim_e_2	sim_theta_3	sim_gamma_3	sim_e_3	model	rep
6157	1	3	0.00686559071229395	-3.47697998741858	0.000892730131189192	0.000377726914981583	11.6397139342918	7.93405147952075e-05	0.00280617041587018	-26.6964701294808	0.0901684881428111	459453.230576255	0.002	0	0.05	0.006	-5	0.02	0.002	-30	0.01	full	rep1
5835	1	3	0.00689218154582004	-3.39478679994483	0	0.00258095975497928	-26.7771380959279	0	0.00032168417778736	99.9999999999989	0	459399.230297004	0.002	0	0.05	0.006	-5	0.02	0.002	-30	0.01	reduced	rep1
5212	1	3	0.00343104045542534	-6.62476105957605	0.000996736138605154	0.00431438182549706	-1.5719823196232	0.0487913535418514	0.00232083696029545	-27.3505864134662	0.0113317820408491	459413.714112676	0.002	0	0.05	0.006	-5	0.02	0.002	-30	0.01	full	rep2
8269	1	3	0.00657180910149461	-3.1861240475903	0	0.000313751441927564	100	0	0.00294815726498525	-24.3789083724096	0	459358.935835614	0.002	0	0.05	0.006	-5	0.02	0.002	-30	0.01	reduced	rep2
9275	1	3	0.00301390909476515	-17.216075767971	0.0410183457227291	0.000550286238663426	4.06491593506733	0.0109383809146684	0.00633426205656534	-3.42642762771455	0.0169287924203368	464777.686191101	0.002	0	0.05	0.006	-5	0.02	0.002	-30	0.01	full	rep3
7530	1	3	0.00634428412665356	-3.09002425813554	0	0.00031472834968344	100	0	0.00302103574391536	-17.5157031908368	0	464732.03116781	0.002	0	0.05	0.006	-5	0.02	0.002	-30	0.01	reduced	rep3
9116	1	3	0.00674971170185136	-5.46445773786871	0.0308598835429457	0.00169468541162941	-48.2360217321878	0	0.00170273942505436	0.799648727274637	0.0132297353438117	458173.187488544	0.002	0	0.05	0.006	-5	0.02	0.002	-30	0.01	full	rep4
2369	1	3	0.00297161085574345	-21.1145786918788	0	0.000333099175752677	99.9999999999999	0	0.00639477747877552	-3.17391358768068	0	458132.454686647	0.002	0	0.05	0.006	-5	0.02	0.002	-30	0.01	reduced	rep4
2664	1	3	0.000288713016990619	13.8947502347431	0	0.0029144041229291	-25.6138762051869	0.0743736002821657	0.00674214380044729	-3.16363871978607	0.00710572707104312	456118.948006433	0.002	0	0.05	0.006	-5	0.02	0.002	-30	0.01	full	rep5
426	1	3	0.000332947877773647	99.9999999999982	0	0.00245699013908045	-29.7492706317529	0	0.00693228522599611	-3.39271261787495	0	456059.446825153	0.002	0	0.05	0.006	-5	0.02	0.002	-30	0.01	reduced	rep5
8749	1	3	0.000379762269707586	10.9947202757489	2.32782679546961e-05	0.00674843698567464	-3.35889530484389	0	0.00296429374951364	-23.5695306095224	0.0792156760755023	465596.25990918	0.002	0	0.05	0.006	-5	0.02	0.002	-30	0.01	full	rep6
2104	1	3	0.000305881204421374	99.999999999998	0	0.00281108055747298	-23.0838292930521	0	0.00673875429911528	-3.22070543167858	0	465551.039369881	0.002	0	0.05	0.006	-5	0.02	0.002	-30	0.01	reduced	rep6
7711	1	3	0.000354127585001509	12.3461698943087	0	0.00327970504607423	-23.9705899716276	0.0798851574942312	0.00650274225099861	-3.2456344208288	0	460248.561598661	0.002	0	0.05	0.006	-5	0.02	0.002	-30	0.01	full	rep7
2958	1	3	0.000327499751842624	100	0	0.0066557028482025	-3.29653240764744	0	0.00290927460539869	-25.4618491752655	0	460188.21771424	0.002	0	0.05	0.006	-5	0.02	0.002	-30	0.01	reduced	rep7
3051	1	3	0.00492275186772838	-9.12416320961976	0.0171553313524426	0.00434954413510044	-1.45219873494418	0.0379373724354485	0.00127877554241446	-159.091568667923	0	459762.31861476	0.002	0	0.05	0.006	-5	0.02	0.002	-30	0.01	full	rep8
9767	1	3	0.00283305577588739	-21.2859814530498	0	0.00653153105798922	-3.22913867706006	0	0.000329344154166878	100	0	459705.001072001	0.002	0	0.05	0.006	-5	0.02	0.002	-30	0.01	reduced	rep8
839	1	3	0.00668812479490536	-2.80220668576417	0.0300810882539857	0.00304374598451246	-20.4318412958025	0.00799719055433975	0.000168150658375942	6.53156162860897	0.00428204248970872	461452.530051154	0.002	0	0.05	0.006	-5	0.02	0.002	-30	0.01	full	rep9
6693	1	3	0.0025732744520426	-25.4283009701119	0	0.00685005660792498	-3.23106379979145	0	0.000308497884549716	100	0	461406.399066127	0.002	0	0.05	0.006	-5	0.02	0.002	-30	0.01	reduced	rep9
3223	1	3	0.00239167228586645	-0.48718652658585	0.0928620894296532	0.00219668336509827	-28.414952622649	2.22044604925031e-18	0.00546281385118932	-4.98241204333631	0	462611.472390103	0.002	0	0.05	0.006	-5	0.02	0.002	-30	0.01	full	rep10
3360	1	3	0.000320870499708859	100	0	0.00299190093196927	-21.5742258876764	0	0.00646944943481239	-3.10914917489807	0	462575.738372481	0.002	0	0.05	0.006	-5	0.02	0.002	-30	0.01	reduced	rep10
2312	1	3	0.000603142504342759	4.45665645794316	0.339214191828742	0.0074211424370002	-4.04292111732868	0.000592321124311137	0.00210945720162908	-36.6348478715745	0	463532.112288923	0.002	0	0.05	0.006	-5	0.02	0.002	-30	0.01	full	rep12
9064	1	3	0.000335347197814046	100	0	0.00687437862868561	-3.34446630273753	0	0.002620130578036	-26.0175530161531	0	463506.748741646	0.002	0	0.05	0.006	-5	0.02	0.002	-30	0.01	reduced	rep12
3756	1	3	0.00629319956560606	-4.86855061360818	0.0267191691363346	0.00162363094426585	0.803580150859322	0.0106221493371585	0.00211941708229412	-28.9446092450854	0.0381287459515995	461791.155258342	0.002	0	0.05	0.006	-5	0.02	0.002	-30	0.01	full	rep13
5308	1	3	0.0028982731809502	-21.5313789747211	0	0.00649603606329632	-3.1503663458907	0	0.000333283204705836	100	0	461735.237958338	0.002	0	0.05	0.006	-5	0.02	0.002	-30	0.01	reduced	rep13
9031	1	3	0.00124065636042057	-75.2377965297035	0.017468425499412	0.0050551207506091	-7.66284643817361	4.44089209850063e-18	0.00394615761640003	-1.33299953126262	0.0569746464468776	462013.984107719	0.002	0	0.05	0.006	-5	0.02	0.002	-30	0.01	full	rep14
677	1	3	0.000328119046812624	100	0	0.00274306750707526	-21.0723286404314	0	0.00663155375506407	-3.26986901815465	0	461961.530739756	0.002	0	0.05	0.006	-5	0.02	0.002	-30	0.01	reduced	rep14
1440	1	3	0.00625956952199181	-3.05490102936994	0.0200797513294538	0.000362834153036822	5.09302438740984	0.147690985206304	0.00308293379451449	-16.6848945816896	0.0179456744383441	456677.222349203	0.002	0	0.05	0.006	-5	0.02	0.002	-30	0.01	full	rep15
3802	1	3	0.00277530789054829	-18.6472750695599	0	0.00639615178984331	-3.14501182003362	0	0.000326020290560785	99.9999999999999	0	456636.000465159	0.002	0	0.05	0.006	-5	0.02	0.002	-30	0.01	reduced	rep15
3485	1	3	0.00197248269031595	-39.8017607342586	0.000218324151057621	0.00196599418567729	-0.0399194320328161	0.0722462346267548	0.00625062850782943	-5.11763026785332	0.0144291637908879	460925.040732271	0.002	0	0.05	0.006	-5	0.02	0.002	-30	0.01	full	rep16
1882	1	3	0.000331617697360798	100	0	0.00272033977547999	-26.5262008908851	0	0.00681036312925211	-3.36657197579641	0	460878.547564209	0.002	0	0.05	0.006	-5	0.02	0.002	-30	0.01	reduced	rep16
3675	1	3	0.0027285924051496	-22.5144670414833	0.0668665753456019	0.00675041386068292	-3.48003047479315	0.00658147346906777	0.000505798422236068	5.27761884604924	0.09578001091361	464841.646678063	0.002	0	0.05	0.006	-5	0.02	0.002	-30	0.01	full	rep17
7987	1	3	0.00679319665066313	-3.2567557125033	0	0.00259965767559391	-23.1705779910217	0	0.000335672644401668	100	0	464772.414472816	0.002	0	0.05	0.006	-5	0.02	0.002	-30	0.01	reduced	rep17
1854	1	3	0.00360950042040863	-1.0626778327609	0.0470323735581312	0.00488071101384016	-7.361597193413	0	0.00154477727244254	-31.7623711436135	0.0552953023347976	460081.71421889	0.002	0	0.05	0.006	-5	0.02	0.002	-30	0.01	full	rep18
86	1	3	0.000309268162394694	100	0	0.00323271726511024	-18.8123980404673	0	0.0061970238262359	-3.05899386883524	0	460015.839841169	0.002	0	0.05	0.006	-5	0.02	0.002	-30	0.01	reduced	rep18
1619	1	3	0.00198102575963689	-0.276212642079704	0.108822909502571	0.0063212672516559	-4.89497325259662	0	0.00187870832115932	-46.6346788342175	0.00937702352730678	461667.06051049	0.002	0	0.05	0.006	-5	0.02	0.002	-30	0.01	full	rep19
3993	1	3	0.000323298870626524	100	0	0.00240535866398682	-29.7463062411018	0	0.00708713751583804	-3.43211926373631	0	461624.873463474	0.002	0	0.05	0.006	-5	0.02	0.002	-30	0.01	reduced	rep19
2642	1	3	0.000561926718259838	4.71160799827579	0.220332143327717	0.00694693702789428	-3.75411720349548	3.20505741110488e-05	0.00267213033001651	-28.8184680598648	0.0501823813239598	463082.621383045	0.002	0	0.05	0.006	-5	0.02	0.002	-30	0.01	full	rep20
7596	1	3	0.00032278146276664	100	0	0.00676755811124539	-3.28571418602353	0	0.00281495326886305	-25.9873519471985	0	463029.006748222	0.002	0	0.05	0.006	-5	0.02	0.002	-30	0.01	reduced	rep20
4973	1	3	0.00626994462037401	-2.82036763118829	0.0186705927824663	0.000214552779132168	11.5200625934044	0	0.00346877451583115	-19.6090357614783	0.0346790734458066	457365.723143075	0.002	0	0.05	0.006	-5	0.02	0.002	-30	0.01	full	rep22
2641	1	3	0.00292426410798182	-23.0930740667147	0	0.00651118749194694	-3.21447271760939	0	0.00032098403712277	99.9999999999999	0	457317.65532601	0.002	0	0.05	0.006	-5	0.02	0.002	-30	0.01	reduced	rep22
7396	1	3	0.0016194279360654	0.514559820818592	0.000645178718037196	0.00602653943131873	-4.52769820822863	0.0352754051479077	0.00237701901847223	-24.9979801943646	0.0165172107742767	463079.701704663	0.002	0	0.05	0.006	-5	0.02	0.002	-30	0.01	full	rep23
3693	1	3	0.000330012116352468	100	0	0.00662331408703478	-3.20126559335325	0	0.00282525028166964	-22.766406494766	0	463026.851046059	0.002	0	0.05	0.006	-5	0.02	0.002	-30	0.01	reduced	rep23
8475	1	3	0.00490687587963718	-1.70034924523693	0.0397561744116453	0.00412078357164314	-9.44414804320476	0.0134527131834972	0.000913107399217072	-52.0539498331824	0	460080.535199932	0.002	0	0.05	0.006	-5	0.02	0.002	-30	0.01	full	rep24
4232	1	3	0.00662911072579709	-3.19041630932303	0	0.000330271196926618	100	0	0.00264866940307394	-21.6984088996148	0	460030.23789055	0.002	0	0.05	0.006	-5	0.02	0.002	-30	0.01	reduced	rep24
373	1	3	0.000280496834846523	16.7585664085855	0.00108720576746446	0.00318534806979324	-19.8567342467275	0.0754781384858884	0.0064365056562701	-2.97667999447818	0.000450755942501506	462138.155510083	0.002	0	0.05	0.006	-5	0.02	0.002	-30	0.01	full	rep25
852	1	3	0.0025180208624783	-24.5584454160409	0	0.000330517290992369	99.9999999999998	0	0.00686459013280249	-3.31990307955975	0	462086.324113584	0.002	0	0.05	0.006	-5	0.02	0.002	-30	0.01	reduced	rep25
9944	1	3	0.00343026879074212	-1.16010438140442	0.0655136128801847	0.00473724708444258	-5.8483442124387	0.00402578594467671	0.0019211128756643	-34.6648887540851	0	462716.427315308	0.002	0	0.05	0.006	-5	0.02	0.002	-30	0.01	full	rep26
7918	1	3	0.00681796760972423	-3.29978607607826	0	0.00264458684545597	-25.8985535055579	0	0.000338481917873097	100	0	462671.120390983	0.002	0	0.05	0.006	-5	0.02	0.002	-30	0.01	reduced	rep26
451	1	3	0.00296001016392531	-22.69858171861	0.0331866097774092	0.00669305307036572	-3.32830196910649	0.0203364871767885	0.000395849229979671	6.53420010045838	0.0313560612887282	462616.254639353	0.002	0	0.05	0.006	-5	0.02	0.002	-30	0.01	full	rep27
7249	1	3	0.00658394523583292	-3.23066479269142	0	0.000338817916253489	100	0	0.00289008608832124	-22.9930593676422	0	462571.49558522	0.002	0	0.05	0.006	-5	0.02	0.002	-30	0.01	reduced	rep27
1993	1	3	0.00743686889167057	-4.06087214028608	0.0219561140813529	0.000618846837185422	4.28807409561915	0	0.00232206369364248	-43.8841283768723	0.047016482052508	465006.589158647	0.002	0	0.05	0.006	-5	0.02	0.002	-30	0.01	full	rep29
2698	1	3	0.000342044390363906	100	0	0.00254665640196807	-32.3807547642508	0	0.00710458260673019	-3.46672049890613	0	464950.079544305	0.002	0	0.05	0.006	-5	0.02	0.002	-30	0.01	reduced	rep29
9079	1	3	0.00486847941686925	-8.82373249456636	0	0.00439075249693349	-1.47111107970472	0.0507092927180152	0.000816239865166947	-76.4498700608193	0.0160482333291877	463327.210664128	0.002	0	0.05	0.006	-5	0.02	0.002	-30	0.01	full	rep30
6876	1	3	0.000318575667318026	99.9999999999999	0	0.00627602036975741	-3.04644466310376	0	0.00304654600098222	-17.461242077298	0	463278.440224894	0.002	0	0.05	0.006	-5	0.02	0.002	-30	0.01	reduced	rep30
5857	1	3	0.00240944829639927	-25.760363380273	0	0.00602613077501491	-4.48970650412318	0.0384925481596823	0.00158822742238113	0.571481293196646	0.00325099358829772	461711.816169016	0.002	0	0.05	0.006	-5	0.02	0.002	-30	0.01	full	rep31
6903	1	3	0.00033037438938037	100	0	0.00647935730113167	-3.12242427508779	0	0.00296811361329249	-22.3592267741348	0	461679.489647466	0.002	0	0.05	0.006	-5	0.02	0.002	-30	0.01	reduced	rep31
2063	1	3	0.0043276602482793	-1.58727466979929	0.0569970965546714	0.00193749528024269	-32.3861384867092	0	0.00386733636943244	-7.11722992549037	0	461531.22075586	0.002	0	0.05	0.006	-5	0.02	0.002	-30	0.01	full	rep32
4492	1	3	0.00663467598978549	-3.288490525345	0	0.00288391490792019	-24.3436137411363	0	0.000338044389478055	100	0	461484.684114645	0.002	0	0.05	0.006	-5	0.02	0.002	-30	0.01	reduced	rep32
3494	1	3	0.000259127890613409	12.5183707781974	0.0903454509903524	0.0062781244346171	-2.87401449325011	0.0111567086944211	0.0033077492748293	-18.0252480956642	0.0433467850372885	460217.821386142	0.002	0	0.05	0.006	-5	0.02	0.002	-30	0.01	full	rep33
431	1	3	0.0066065434346551	-3.21836282365456	0	0.00271441462142663	-21.5610307823797	0	0.00032985436193923	100	0	460172.952622248	0.002	0	0.05	0.006	-5	0.02	0.002	-30	0.01	reduced	rep33
9089	1	3	0.0040654863396152	-1.29543212309585	0.0416310701544055	0.000941531953069782	-102.7778289333	0	0.00510258361125876	-8.14949974785961	0.0119965643415984	460938.343150927	0.002	0	0.05	0.006	-5	0.02	0.002	-30	0.01	full	rep34
6891	1	3	0.00278568006671192	-17.908030154665	0	0.00643531700088304	-3.10122575746565	0	0.000314651879507819	99.9999999999998	0	460897.312551278	0.002	0	0.05	0.006	-5	0.02	0.002	-30	0.01	reduced	rep34
7525	1	3	0.00532687591334485	-2.12630799381193	0.00239692456508861	0.0043392462403057	-13.9200266844532	0.0310239085403351	0.000149521932726992	95.4131751004933	0.000802066325880422	464162.431100072	0.002	0	0.05	0.006	-5	0.02	0.002	-30	0.01	full	rep35
2965	1	3	0.0063531197996473	-3.00635947841778	0	0.0031041151279484	-19.5099251864965	0	0.000303035870656519	100	0	464130.900712719	0.002	0	0.05	0.006	-5	0.02	0.002	-30	0.01	reduced	rep35
8620	1	3	0.00249701988621986	-0.394693416119785	0.0852756484099962	0.00167576041810693	-49.3743040552826	0	0.00599285770888471	-5.54757870996302	0	463906.873023712	0.002	0	0.05	0.006	-5	0.02	0.002	-30	0.01	full	rep36
9648	1	3	0.00666089965593898	-3.13610903671825	0	0.00276144129381164	-22.5737236487707	0	0.000317243759794607	100	0	463876.595130912	0.002	0	0.05	0.006	-5	0.02	0.002	-30	0.01	reduced	rep36
3943	1	3	0.000752719004848249	2.2810942289992	0.0867070767079942	0.00293393154035766	-25.2216022134073	0	0.00644175358649836	-3.56191385481387	0.023588281524893	462599.532950902	0.002	0	0.05	0.006	-5	0.02	0.002	-30	0.01	full	rep37
1571	1	3	0.000320163228565687	100	0	0.00323592927334585	-23.1214654958148	0	0.00633919360337245	-2.98162071279339	0	462577.015477016	0.002	0	0.05	0.006	-5	0.02	0.002	-30	0.01	reduced	rep37
8434	1	3	0.00159518762679642	-29.8500525145414	0	0.00439032831990749	-1.42051550070726	0.0313122038654051	0.00408550280434943	-8.1147696362453	0.028442447076473	464766.899163318	0.002	0	0.05	0.006	-5	0.02	0.002	-30	0.01	full	rep38
3247	1	3	0.000329129734701658	99.9999999999999	0	0.00297961623081004	-21.7937742438267	0	0.00650823994868599	-3.12517890477441	0	464711.222533262	0.002	0	0.05	0.006	-5	0.02	0.002	-30	0.01	reduced	rep38
3408	1	3	0.00535425916182672	-5.73751308007435	0.016377018638718	0.00288907680388244	-0.810951805600866	0.052396412298084	0.00169645981155763	-29.3554704253983	0	461956.511955453	0.002	0	0.05	0.006	-5	0.02	0.002	-30	0.01	full	rep39
2256	1	3	0.00261439640534538	-21.549849551596	0	0.00032881026055091	100	0	0.00673187159833639	-3.31164295478975	0	461915.067027208	0.002	0	0.05	0.006	-5	0.02	0.002	-30	0.01	reduced	rep39
3108	1	3	0.00171995881345445	-42.9050656279397	7.45363038281455e-05	0.00182202168921423	0.405607370057855	0.00442102082541298	0.00654416992115541	-5.12241687874487	0.0325718717775812	462902.758871024	0.002	0	0.05	0.006	-5	0.02	0.002	-30	0.01	full	rep41
553	1	3	0.00257259258833126	-25.1130832538139	0	0.0068611809525211	-3.23459692385171	0	0.000312249035172566	100	0	462862.39593575	0.002	0	0.05	0.006	-5	0.02	0.002	-30	0.01	reduced	rep41
7629	1	3	0.00588798931416336	-3.02214798718446	0	0.00354196088808163	-13.8268423881066	0.0096234917899686	0.000385437139959585	5.68678773669349	0.47663612051705	464210.260976485	0.002	0	0.05	0.006	-5	0.02	0.002	-30	0.01	full	rep42
6212	1	3	0.000314749589487351	100	0	0.00612958479975975	-3.05383023798879	0	0.00318064409490549	-15.4153528289334	0	464170.415663729	0.002	0	0.05	0.006	-5	0.02	0.002	-30	0.01	reduced	rep42
871	1	3	0.00550196860280388	-2.15896615038148	0.016671640946539	0.00404470638144824	-12.7382238881705	0.0258524185624816	8.83864354225692e-05	100	0	460079.663833155	0.002	0	0.05	0.006	-5	0.02	0.002	-30	0.01	full	rep43
4438	1	3	0.000318686344878948	100	0	0.0067205307494452	-3.25357187463775	0	0.00249877857767023	-20.2925593269566	0	460033.278300359	0.002	0	0.05	0.006	-5	0.02	0.002	-30	0.01	reduced	rep43
1933	1	3	0.0050304325668203	-7.98811929100295	0	0.0040698053111443	-1.34700119477613	0.0529815533730611	0.0017059938077781	-151.27285889202	0.0358500774538348	462655.248531342	0.002	0	0.05	0.006	-5	0.02	0.002	-30	0.01	full	rep44
881	1	3	0.00272207424314896	-23.6376484263646	0	0.000324511093447188	99.9999999999999	0	0.00673261935769305	-3.26585156891458	0	462597.16153111	0.002	0	0.05	0.006	-5	0.02	0.002	-30	0.01	reduced	rep44
201	1	3	0.00399025991977147	-8.06466111167141	0.0093662932911817	0.00163744843787323	-49.7722250033599	0	0.00452101682165656	-1.54599563207197	0.0447416477298935	457190.292319116	0.002	0	0.05	0.006	-5	0.02	0.002	-30	0.01	full	rep45
4135	1	3	0.00281897631036483	-26.9281253714923	0	0.00032574812888168	99.9999999999999	0	0.00663847906673615	-3.18174271782541	0	457145.098679092	0.002	0	0.05	0.006	-5	0.02	0.002	-30	0.01	reduced	rep45
3662	1	3	0.00679548899081322	-3.80289586356156	0.0242401053204912	0.00243194436289532	-22.3182781356502	0.0238535679238245	0.000642769259634846	3.34939067467566	0.0097678308963132	459835.605990939	0.002	0	0.05	0.006	-5	0.02	0.002	-30	0.01	full	rep46
2029	1	3	0.00653279663502278	-3.20925854727802	0	0.000318602965089522	100	0	0.00278414196865214	-20.0105409891911	0	459800.649801024	0.002	0	0.05	0.006	-5	0.02	0.002	-30	0.01	reduced	rep46
814	1	3	0.00423697485170733	-1.3853691832984	0.0515629991340714	0.00232660690207969	-318.208321000239	0.0152118214050984	0.00506046788258209	-8.71138587808104	0	463769.688206623	0.002	0	0.05	0.006	-5	0.02	0.002	-30	0.01	full	rep47
8289	1	3	0.000317187048505015	100	0	0.00640625175947411	-3.09737196997791	0	0.003048415756829	-20.0340419944359	0	463723.675036533	0.002	0	0.05	0.006	-5	0.02	0.002	-30	0.01	reduced	rep47
8362	1	3	0.00111686689674339	-35.0135835952644	0.0844994082768293	0.00528460157499505	-7.17319446995869	0.00939853992587192	0.00342200423582346	-0.857950372121983	0.0394682979160098	459034.724454319	0.002	0	0.05	0.006	-5	0.02	0.002	-30	0.01	full	rep48
8099	1	3	0.0028281465340228	-17.9328974277742	0	0.000327359597899194	100	0	0.00635216144820195	-3.09474117918207	0	458959.832971257	0.002	0	0.05	0.006	-5	0.02	0.002	-30	0.01	reduced	rep48
5997	1	3	0.00691153694938898	-4.35713147646751	0.0156592892782137	0.0020508439502328	-22.4999295447806	0.0604035018507386	0.000893170493550287	2.75499594700337	0.0218450072256563	461841.801585959	0.002	0	0.05	0.006	-5	0.02	0.002	-30	0.01	full	rep49
3134	1	3	0.00637016143346892	-3.18301592810503	0	0.000324799013172141	100	0	0.0028858026589232	-16.9599576924616	0	461792.370364733	0.002	0	0.05	0.006	-5	0.02	0.002	-30	0.01	reduced	rep49
5407	1	3	0.00650795883452942	-3.93647075148624	0.0308447917285017	0.000920045574072837	1.75275252029223	0.0158674909111508	0.00251580306211391	-22.1439092720441	0.00600007783975705	462046.832664631	0.002	0	0.05	0.006	-5	0.02	0.002	-30	0.01	full	rep50
5048	1	3	0.000324073098507314	99.9999999999998	0	0.00289587556322548	-20.2578416916451	0	0.0064900244597241	-3.17463885685533	0	462008.486126136	0.002	0	0.05	0.006	-5	0.02	0.002	-30	0.01	reduced	rep50
6559	1	3	0.000273332544039119	4.1299405364791	0.1722916402618	0.00647052372682232	-2.95477304729237	0.0301042715997453	0.0030849537345262	-17.5189216728362	0	460339.920471633	0.002	0	0.05	0.006	-5	0.02	0.002	-30	0.01	full	rep51
388	1	3	0.000335337338461677	100	0	0.00673644894420375	-3.33286814077495	0	0.00256733742387162	-21.9077315034416	0	460292.500953414	0.002	0	0.05	0.006	-5	0.02	0.002	-30	0.01	reduced	rep51
5821	1	3	0.00262643821259929	-0.21292974177914	0	0.00593497886572893	-6.32689841622423	0.0381744292401504	0.00153476537606508	-50.8206803414022	0.0159463725126789	457885.701290764	0.002	0	0.05	0.006	-5	0.02	0.002	-30	0.01	full	rep53
8769	1	3	0.00032058543640236	99.9999999999995	0	0.00658873586940531	-3.1711558764115	0	0.00277180744017257	-23.4457914879515	0	457827.931738855	0.002	0	0.05	0.006	-5	0.02	0.002	-30	0.01	reduced	rep53
5503	1	3	0.00187051884780071	-29.32215513705	0.0293111080033124	0.00528082591346791	-5.84365711069342	0.00250220515057336	0.00289575821629816	-0.728398720288385	0.0641137681407581	463305.856151212	0.002	0	0.05	0.006	-5	0.02	0.002	-30	0.01	full	rep54
5756	1	3	0.00290040298221738	-20.6945445740773	0	0.00652882846988213	-3.20576555165155	0	0.000327693701116188	100	0	463250.49381686	0.002	0	0.05	0.006	-5	0.02	0.002	-30	0.01	reduced	rep54
8394	1	3	0.00458880475548705	-6.59285039078994	0	0.00177375501768186	-42.310254091147	0.005256415193923	0.00372201829670594	-1.18119464197999	0.0555073597771376	458931.414959528	0.002	0	0.05	0.006	-5	0.02	0.002	-30	0.01	full	rep55
3892	1	3	0.00652607639571193	-3.06205011234511	0	0.000302250201719006	99.9999999999999	0	0.00290566931304891	-23.4206940462085	0	458892.806269103	0.002	0	0.05	0.006	-5	0.02	0.002	-30	0.01	reduced	rep55
1560	1	3	0.00168009800140977	-71.0420052435533	0.0253718357353023	0.00688466525188129	-5.4275900158489	0.0317947059891857	0.00173293714664199	0.629530389866646	0	459117.666339198	0.002	0	0.05	0.006	-5	0.02	0.002	-30	0.01	full	rep56
2646	1	3	0.000332224023485693	99.9999999999994	0	0.00238503521485236	-28.9613428426272	0	0.00702495319484766	-3.44252486888237	0	459058.331800236	0.002	0	0.05	0.006	-5	0.02	0.002	-30	0.01	reduced	rep56
2420	1	3	0.00128536534718068	1.42135908637879	0.0585471979946343	0.00211625942814697	-25.7607620520433	0.0382221628353232	0.00652018188076857	-4.64277516843073	0.013329850946781	459173.32537531	0.002	0	0.05	0.006	-5	0.02	0.002	-30	0.01	full	rep58
1620	1	3	0.00314150872018304	-17.953170208971	0	0.00616522916843696	-3.03158827303665	0	0.000319968340162197	100	0	459128.187756232	0.002	0	0.05	0.006	-5	0.02	0.002	-30	0.01	reduced	rep58
8735	1	3	0.000553389081530451	5.9990280231258	1.22940134543215e-05	0.00222946236442954	-28.0367086563424	0.0777137558319635	0.00717224502541743	-3.9228765578437	0.0125203778399442	461078.703430872	0.002	0	0.05	0.006	-5	0.02	0.002	-30	0.01	full	rep59
3897	1	3	0.00676157272798656	-3.33276546999041	0	0.00255385315511992	-22.1622912613509	0	0.000335905479358168	99.9999999999999	0	461028.155637603	0.002	0	0.05	0.006	-5	0.02	0.002	-30	0.01	reduced	rep59
9817	1	3	0.00656520049180523	-6.02976009101793	0.0302694274543905	0.00133277129606131	-54.437686371253	0.0341760686312299	0.00216023848701674	0.34966448634451	0.00286624571931825	460895.718389354	0.002	0	0.05	0.006	-5	0.02	0.002	-30	0.01	full	rep60
6426	1	3	0.00295359954015199	-18.295274025174	0	0.00631577805016699	-3.02845765655022	0	0.000317891633021853	100	0	460837.640698493	0.002	0	0.05	0.006	-5	0.02	0.002	-30	0.01	reduced	rep60
4076	1	3	0.000542075290637705	3.16726680463315	0.340373303184513	0.00691512919562014	-3.60313009365383	0.00347071238413353	0.00251699526750376	-24.1828698312972	0.0148585604652034	461754.266638369	0.002	0	0.05	0.006	-5	0.02	0.002	-30	0.01	full	rep61
7443	1	3	0.000336874041117957	100	0	0.00685236398550914	-3.37863778573461	0	0.0025518642168635	-24.4522697111662	0	461709.586159776	0.002	0	0.05	0.006	-5	0.02	0.002	-30	0.01	reduced	rep61
3838	1	3	0.000296733501622985	20.0002906191054	0.0023005105291541	0.00650712068411492	-3.04249104694367	0	0.00302895957188221	-19.8355598164115	0.067860670479431	462283.887541896	0.002	0	0.05	0.006	-5	0.02	0.002	-30	0.01	full	rep62
3931	1	3	0.000323792702865857	100	0	0.00252935833321229	-23.3684543590414	0	0.0068205883805711	-3.26525229699473	0	462255.813912273	0.002	0	0.05	0.006	-5	0.02	0.002	-30	0.01	reduced	rep62
1915	1	3	0.00656756562101064	-2.90702805072384	0.0284273712919238	0.00315267425742184	-18.9103094352425	0.0090139654296073	0.000199311165520342	9.38455250634586	0.031078407612521	462080.549253793	0.002	0	0.05	0.006	-5	0.02	0.002	-30	0.01	full	rep63
1369	1	3	0.00271718932552138	-22.5673841723346	0	0.00670528127583929	-3.27520561151176	0	0.000322762838154363	100	0	462046.196596023	0.002	0	0.05	0.006	-5	0.02	0.002	-30	0.01	reduced	rep63
9863	1	3	0.00579469767898927	-5.23542817596434	0	0.00185354312069103	-38.0737995243881	0	0.00243869161569224	-0.443737022621642	0.0946211808875878	463131.776873443	0.002	0	0.05	0.006	-5	0.02	0.002	-30	0.01	full	rep64
6925	1	3	0.00272647882199476	-23.6812478749305	0	0.00033596614200544	99.9999999999999	0	0.00668687471794636	-3.19744206224682	0	463098.028827367	0.002	0	0.05	0.006	-5	0.02	0.002	-30	0.01	reduced	rep64
9932	1	3	0.000413309067739041	-214.634312991173	0.0636860885254697	0.00427785241476643	-11.6688445530034	0	0.00532474615245882	-1.87809927680607	0.0438317108166052	461281.178658055	0.002	0	0.05	0.006	-5	0.02	0.002	-30	0.01	full	rep66
3386	1	3	0.00289402973756051	-18.33390767377	0	0.000321619508075454	100	0	0.00636678454871649	-3.06649709343621	0	461227.041480946	0.002	0	0.05	0.006	-5	0.02	0.002	-30	0.01	reduced	rep66
6444	1	3	0.00595487867969688	-6.23144199366915	0.0413392079008491	0.00258025923570181	-0.314802236172657	0	0.0015392442955586	-41.751146035279	0	459076.060387931	0.002	0	0.05	0.006	-5	0.02	0.002	-30	0.01	full	rep67
4616	1	3	0.00668470700109906	-3.31439948745366	0	0.000325718792466021	100	0	0.00272689593750288	-23.4258945435042	0	459021.96966281	0.002	0	0.05	0.006	-5	0.02	0.002	-30	0.01	reduced	rep67
3860	1	3	0.0020592456517368	-0.262823694462395	0.0735198691780202	0.00238681032362975	-24.0767501752029	0.0146669558151259	0.00557206109083129	-4.72502243857343	0.00966232381056484	462012.593947382	0.002	0	0.05	0.006	-5	0.02	0.002	-30	0.01	full	rep68
8318	1	3	0.00289731852317969	-21.4994620607737	0	0.000320086670241569	100	0	0.00656191537138595	-3.23092540881762	0	461966.284483857	0.002	0	0.05	0.006	-5	0.02	0.002	-30	0.01	reduced	rep68
6001	1	3	0.000426343438418418	-139.144228857144	0.0864746547762949	0.00447538386300075	-12.0744282635989	0	0.00522451994349226	-1.82696595635749	0.0428990630240673	463283.964284436	0.002	0	0.05	0.006	-5	0.02	0.002	-30	0.01	full	rep69
4749	1	3	0.00622518486175116	-3.00836959561615	0	0.00320806960459412	-18.7276175007515	0	0.000315956239690611	100	0	463227.75033978	0.002	0	0.05	0.006	-5	0.02	0.002	-30	0.01	reduced	rep69
5230	1	3	0.000740646716876329	2.54254164831577	0.201165126350584	0.00218520615402217	-29.4572773492431	0.0443784372545497	0.00702574704041462	-3.96103156427494	0.00278867363687046	459275.2070923	0.002	0	0.05	0.006	-5	0.02	0.002	-30	0.01	full	rep70
8527	1	3	0.00239226479105904	-26.2575164638087	0	0.0069481655026373	-3.40553905587902	0	0.000334581866710388	100	0	459221.469520728	0.002	0	0.05	0.006	-5	0.02	0.002	-30	0.01	reduced	rep70
4970	1	3	0.00132459803431719	1.39504694101932	0.0111045439847984	0.00700490173527209	-4.98988346190115	0.0264633366514843	0.00159839713856431	-34.0032592298332	0.0245023712704813	460038.487632089	0.002	0	0.05	0.006	-5	0.02	0.002	-30	0.01	full	rep71
372	1	3	0.00281985577958778	-18.3713332592908	0	0.00643836809888852	-3.1991957480702	0	0.00032599444757643	100	0	459991.377668511	0.002	0	0.05	0.006	-5	0.02	0.002	-30	0.01	reduced	rep71
2715	1	3	0.00706271991931172	-4.36430049820275	0.0163366031132706	0.00223511932457769	-31.2346115757312	0.0724148351032769	0.000872380091067119	2.84107032775127	2.44232797815114e-05	464301.167218824	0.002	0	0.05	0.006	-5	0.02	0.002	-30	0.01	full	rep72
7726	1	3	0.00276620949756568	-22.835369353895	0	0.00674274716560473	-3.32128857680701	0	0.000323116918797685	100	0	464231.243172752	0.002	0	0.05	0.006	-5	0.02	0.002	-30	0.01	reduced	rep72
8481	1	3	0.00249423855930744	-23.2932709647002	0.0452631570404386	0.00684292197751978	-3.8804262744591	0.000261077175692648	0.000629904090765659	3.81693322286633	0.22068510042695	460827.445883334	0.002	0	0.05	0.006	-5	0.02	0.002	-30	0.01	full	rep74
3418	1	3	0.00659084798964185	-3.30319621749925	0	0.000330923612695272	100	0	0.00278156644568117	-20.7725645965441	0	460779.103058334	0.002	0	0.05	0.006	-5	0.02	0.002	-30	0.01	reduced	rep74
4092	1	3	0.00442340469033735	-6.24540533668862	0	0.00181281695630483	-34.3251895267709	0	0.0037894006656695	-1.35566448588027	0.0639401437477173	460793.172949723	0.002	0	0.05	0.006	-5	0.02	0.002	-30	0.01	full	rep76
5001	1	3	0.00678514921745286	-3.30741459321019	0	0.000336226209741398	100	0	0.00261853156756024	-24.9960204341264	0	460754.382995055	0.002	0	0.05	0.006	-5	0.02	0.002	-30	0.01	reduced	rep76
9406	1	3	0.00550794161421015	-2.03135358293645	0.0437985049342046	0.0042815057381012	-12.5635997265655	0	0.000496307587338335	-319.410146628834	0.133697089105884	464154.459064132	0.002	0	0.05	0.006	-5	0.02	0.002	-30	0.01	full	rep77
495	1	3	0.00287484766979969	-19.9860127275684	0	0.000331355355458171	100	0	0.00654562881365235	-3.25240660042909	0	464090.602232475	0.002	0	0.05	0.006	-5	0.02	0.002	-30	0.01	reduced	rep77
5015	1	3	0.00123761839379783	1.08337356855967	0.0351935636901418	0.00679118784325371	-4.51389605680479	0.0214939654177721	0.00206241564786496	-37.4028693400802	0.0282630801393729	458881.66060032	0.002	0	0.05	0.006	-5	0.02	0.002	-30	0.01	full	rep78
8458	1	3	0.00252376973267107	-28.0408455500127	0	0.00693944948508736	-3.37810839231961	0	0.000316737951118997	99.9999999999993	0	458828.502177184	0.002	0	0.05	0.006	-5	0.02	0.002	-30	0.01	reduced	rep78
9064	1	3	0.00175519824877082	-47.4759414334291	0.038073092203695	0.00452963868582407	-7.05681171105349	0	0.00392472351796857	-1.32911741498546	0.0480912473894581	459394.56055496	0.002	0	0.05	0.006	-5	0.02	0.002	-30	0.01	full	rep79
3670	1	3	0.00277936063375548	-25.8289889658426	0	0.000307570417687256	100	0	0.00673065916199125	-3.242471969264	0	459329.543240019	0.002	0	0.05	0.006	-5	0.02	0.002	-30	0.01	reduced	rep79
8556	1	3	0.00359956233149249	-1.05552272800738	0.0331217758821993	0.00121247901148251	-37.8704550205011	0	0.00518003682121647	-7.47012422370599	0.023764949151835	460841.318599001	0.002	0	0.05	0.006	-5	0.02	0.002	-30	0.01	full	rep80
3953	1	3	0.00638921191851025	-3.16704641966185	0	0.000322750373426351	100	0	0.00296965860154484	-19.1636528264805	0	460794.915005495	0.002	0	0.05	0.006	-5	0.02	0.002	-30	0.01	reduced	rep80
5619	1	3	0.00652269451534859	-4.47788514532257	0.011979419046329	0.00150680801640026	0.360004757016353	0.0984029241126024	0.00205673018907559	-34.091099795845	0	463097.740387404	0.002	0	0.05	0.006	-5	0.02	0.002	-30	0.01	full	rep81
3386	1	3	0.000324588664385502	99.9999999999999	0	0.00258592394491973	-26.0299823059919	0	0.00689090624222542	-3.31345237675282	0	463064.391220207	0.002	0	0.05	0.006	-5	0.02	0.002	-30	0.01	reduced	rep81
4155	1	3	0.00457487419901643	-6.3224258240187	0	0.00189585258031573	-37.430882601096	0	0.00366456466368044	-1.29246109407611	0.0620504462955925	460461.924922293	0.002	0	0.05	0.006	-5	0.02	0.002	-30	0.01	full	rep82
4847	1	3	0.0028120174650557	-24.95238199884	0	0.000319124987933817	100	0	0.00669766093302807	-3.26552186853758	0	460425.682019093	0.002	0	0.05	0.006	-5	0.02	0.002	-30	0.01	reduced	rep82
5486	1	3	0.00627064668171193	-2.9645200907659	0.018734126050605	0.00337905899008895	-18.4540883525435	0.0311585529785778	0.000288000549806802	8.41491505803752	0.0305816913678277	460271.407753077	0.002	0	0.05	0.006	-5	0.02	0.002	-30	0.01	full	rep83
9035	1	3	0.00300045263646606	-20.7910672736151	0	0.00642012141845683	-3.15848958732743	0	0.000321645272419036	100	0	460230.537931246	0.002	0	0.05	0.006	-5	0.02	0.002	-30	0.01	reduced	rep83
9506	1	3	0.00171170620702408	0.289777794906684	0.0366092759782883	0.00621554725190243	-4.66892738010426	0.023067117913693	0.00230837646558042	-39.5006961752533	0.0273322791432882	459618.52737965	0.002	0	0.05	0.006	-5	0.02	0.002	-30	0.01	full	rep84
8695	1	3	0.00691559001909552	-3.3409665875045	0	0.000331628315195678	99.9999999999997	0	0.00267256728542113	-32.0808568465156	0	459552.525834567	0.002	0	0.05	0.006	-5	0.02	0.002	-30	0.01	reduced	rep84
7779	1	3	0.00292000863845513	-0.888833759184868	0.0799697609091034	0.00523682444324381	-5.63661590394071	0	0.0016417698222659	-29.6881008245007	1.77635683940025e-17	456402.364655632	0.002	0	0.05	0.006	-5	0.02	0.002	-30	0.01	full	rep85
7528	1	3	0.000331363482858527	100	0	0.00657340605669306	-3.25626497956043	0	0.00261557505159102	-20.3535607266512	0	456363.15467299	0.002	0	0.05	0.006	-5	0.02	0.002	-30	0.01	reduced	rep85
7154	1	3	0.00665670325546752	-3.23968402650106	0.00547477733339782	0.000351101023416978	11.5966356228666	0	0.00302246481236336	-22.9725873391268	0.0698128203108441	462875.177959219	0.002	0	0.05	0.006	-5	0.02	0.002	-30	0.01	full	rep86
4334	1	3	0.00032995785758018	100	0	0.00274634397093248	-24.0414536302302	0	0.00672127249136522	-3.25729571729148	0	462826.748120429	0.002	0	0.05	0.006	-5	0.02	0.002	-30	0.01	reduced	rep86
9996	1	3	0.00196827807257143	-30.6694067681366	0	0.0014508962391279	0.440374782740429	0.154557302900583	0.0065272900955845	-4.50756809857378	0	459412.119092571	0.002	0	0.05	0.006	-5	0.02	0.002	-30	0.01	full	rep87
3703	1	3	0.000329943934126629	100	0	0.00663585056309122	-3.26572750666731	0	0.002690798402415	-21.8732115074717	0	459378.372825407	0.002	0	0.05	0.006	-5	0.02	0.002	-30	0.01	reduced	rep87
6065	1	3	0.00151623372573922	-40.3211465847384	0.00804325743731029	0.00344876722391195	-1.15828172146418	0.0644978506834254	0.00499714394885422	-6.06952467383126	0	461579.35872213	0.002	0	0.05	0.006	-5	0.02	0.002	-30	0.01	full	rep88
9013	1	3	0.00240674381873259	-24.4320238882563	0	0.00691677849531853	-3.30313382252229	0	0.000322545333982503	100	0	461531.508044052	0.002	0	0.05	0.006	-5	0.02	0.002	-30	0.01	reduced	rep88
6346	1	3	0.00507191837238088	-1.83750570868174	0.049250251768503	0.0293074649290198	-4999.43536581971	0	0.00426080879224947	-10.0825681986333	0	462273.213131138	0.002	0	0.05	0.006	-5	0.02	0.002	-30	0.01	full	rep89
7424	1	3	0.00266188611395739	-28.6915867290082	0	0.000342412456678738	100	0	0.00689261823490994	-3.38006077406078	0	462223.655191187	0.002	0	0.05	0.006	-5	0.02	0.002	-30	0.01	reduced	rep89
1945	1	3	0.00519751757574097	-1.90035731334979	0.0420217600654866	0.00388222475692034	-10.49391735421	0	0.0011046555025655	-50.7312177643125	0.0423331736610279	462052.807490977	0.002	0	0.05	0.006	-5	0.02	0.002	-30	0.01	full	rep91
3558	1	3	0.0028980910017839	-23.3479591273578	0	0.00662632856996682	-3.25425964853675	0	0.000321019429444682	100	0	461986.465265168	0.002	0	0.05	0.006	-5	0.02	0.002	-30	0.01	reduced	rep91
3130	1	3	0.00164767099062245	-83.4225977339987	0	0.00381493472194067	-1.21794177249488	0.0603796196842403	0.00489668310706877	-6.96130627651514	0	459708.854578216	0.002	0	0.05	0.006	-5	0.02	0.002	-30	0.01	full	rep92
8121	1	3	0.00681727416025392	-3.23672200320174	0	0.000329868202275108	100	0	0.00258540272991064	-27.3230407702084	0	459673.239878155	0.002	0	0.05	0.006	-5	0.02	0.002	-30	0.01	reduced	rep92
7953	1	3	0.00151388044464227	-37.5420604910634	0.00726376616803434	0.00279786158587791	-0.767454132020373	0.047549002492559	0.00567177525504447	-5.90375234510292	0.019900151213623	459827.649210809	0.002	0	0.05	0.006	-5	0.02	0.002	-30	0.01	full	rep93
5632	1	3	0.000340903999886621	100	0	0.00695444300189161	-3.49271013376835	0	0.00237533701676485	-24.5154256570344	0	459771.082818298	0.002	0	0.05	0.006	-5	0.02	0.002	-30	0.01	reduced	rep93
9664	1	3	0.00467869299501756	-7.53569861134551	0.00406713811603573	0.00399171777134958	-1.27451357668096	0.0494953837354498	0.00139228712220242	-54.1511970809747	0	457657.821546699	0.002	0	0.05	0.006	-5	0.02	0.002	-30	0.01	full	rep95
7072	1	3	0.00292183412048077	-21.377704263936	0	0.00641997127512033	-3.04595199571529	0	0.000306075271007754	100	0	457620.135664647	0.002	0	0.05	0.006	-5	0.02	0.002	-30	0.01	reduced	rep95
762	1	3	0.00106143767224932	-83.7240242896421	0.00275311933061278	0.0029175291221575	-0.390293844803457	0.000738815500095131	0.00609730898736462	-7.07885260838798	0.0421841238098729	458587.496991279	0.002	0	0.05	0.006	-5	0.02	0.002	-30	0.01	full	rep98
650	1	3	0.00649954922004425	-3.18580904376459	0	0.0026814372685713	-19.5274885949337	0	0.00033892604859132	100	0	458524.801415384	0.002	0	0.05	0.006	-5	0.02	0.002	-30	0.01	reduced	rep98
6530	1	3	0.0066780809437587	-5.52804198209028	0.0342055187748195	0.00162136842016609	-46.1820657390633	0.00016233966182964	0.00187426000085154	0.418348849265968	0.0019292958455941	462683.894496803	0.002	0	0.05	0.006	-5	0.02	0.002	-30	0.01	full	rep99
9282	1	3	0.00274904615949326	-22.3895870229667	0	0.000324330803481712	100	0	0.00669754813206434	-3.29358112060809	0	462638.462969754	0.002	0	0.05	0.006	-5	0.02	0.002	-30	0.01	reduced	rep99
7438	1	3	0.0011052056183524	-156.405312445856	0	0.00537813651857341	-1.95419206131973	0.0440316810122871	0.0040331927152949	-11.9977369924197	0	458612.328685256	0.002	0	0.05	0.006	-5	0.02	0.002	-30	0.01	full	rep100
5081	1	3	0.000319786023817945	100	0	0.00647211022371392	-3.1627321711755	0	0.003007131048946	-23.2210064346974	0	458566.577790115	0.002	0	0.05	0.006	-5	0.02	0.002	-30	0.01	reduced	rep100
