run	imp	exit_code	theta_1	gamma_1	e_1	theta_2	gamma_2	e_2	theta_3	gamma_3	e_3	lnL	sim_theta_1	sim_gamma_1	sim_e_1	sim_theta_2	sim_gamma_2	sim_e_2	sim_theta_3	sim_gamma_3	sim_e_3	model	rep
329	1	3	0.00244479639061883	-27.2188747764011	0	0.0011140775879838	0.305532619060368	0.205274393307626	0.00645695373901863	-3.8694247707426	0	459451.307192005	0.002	0	0.05	0.006	-5	0.02	0.002	-30	0.01	full	rep1
5785	1	3	0.000481655351940566	4.01613015470654	0.0240056804979272	0.00701306226340769	-3.6234622500485	0.0240056804979272	0.0025478879236438	-27.5992184159218	0.0240056804979272	459452.42545988	0.002	0	0.05	0.006	-5	0.02	0.002	-30	0.01	reduced	rep1
3784	1	3	0.00296814600497484	-23.0054541568182	0.0172120578027893	0.00567956977049457	-3.75371325551083	0.0015361610793575	0.00139548947285643	0.0723329576843097	0.130568802049971	459413.702085184	0.002	0	0.05	0.006	-5	0.02	0.002	-30	0.01	full	rep2
5502	1	3	0.000480546603058867	3.18143077734067	0.0243411966423019	0.00316683357215372	-21.9159644823028	0.0243411966423019	0.00638864068231232	-3.2228535126597	0.0243411966423019	459413.665648414	0.002	0	0.05	0.006	-5	0.02	0.002	-30	0.01	reduced	rep2
2826	1	3	0.00308370810072404	-16.0275838858759	0	0.00158923229408667	-0.26335509213394	0.140842213508246	0.00519816177846288	-3.65945642928205	0	464777.053294793	0.002	0	0.05	0.006	-5	0.02	0.002	-30	0.01	full	rep3
1668	1	3	0.00280347023496349	-17.6989912568812	0.023570902955851	0.000837439895033811	2.09144845771078	0.023570902955851	0.00625469828665655	-3.73427946225015	0.023570902955851	464777.591300062	0.002	0	0.05	0.006	-5	0.02	0.002	-30	0.01	reduced	rep3
1723	1	3	0.0016289147981099	0.947091725722889	0	0.00170868114478578	-46.2832506308843	0	0.00679289303832218	-5.39921147765291	0.0340075280613299	458173.201277491	0.002	0	0.05	0.006	-5	0.02	0.002	-30	0.01	full	rep4
1097	1	3	0.0069421291815964	-4.88729163770713	0.0240663188578558	0.00124148061665362	1.69932737841563	0.0240663188578558	0.0019045060526084	-38.8899262940935	0.0240663188578558	458172.763510144	0.002	0	0.05	0.006	-5	0.02	0.002	-30	0.01	reduced	rep4
1577	1	3	0.00248964651159955	-26.9511785053487	0	0.00517427660634621	-4.09440481292844	0	0.00226221433886229	-0.993645104014783	0.108675229303759	456118.232401297	0.002	0	0.05	0.006	-5	0.02	0.002	-30	0.01	full	rep5
2934	1	3	0.0027333910367634	-25.9772208962741	0.0258105993590822	0.00690108802385655	-3.21674854113235	0.0258105993590822	0.000306117960636348	5.62951604606815	0.0258105993590822	456118.757187041	0.002	0	0.05	0.006	-5	0.02	0.002	-30	0.01	reduced	rep5
7816	1	3	0.000392197508934952	8.63064382811517	0.208636103252344	0.002922583969461	-23.0976774811277	0.050412384140586	0.00676537251948053	-3.37830347958853	0	465596.146901214	0.002	0	0.05	0.006	-5	0.02	0.002	-30	0.01	full	rep6
395	1	3	0.0026130531674754	-25.1698287656027	0.0222035750006578	0.00691267389100715	-3.6495202327742	0.0222035750006578	0.000569441889736142	3.4679264297169	0.0222035750006578	465595.928958358	0.002	0	0.05	0.006	-5	0.02	0.002	-30	0.01	reduced	rep6
8594	1	3	0.000354256186199902	12.3486420971769	6.98964491937515e-06	0.00650299009712026	-3.24587417474414	0	0.00327934104766762	-23.9703321741093	0.0801892458848526	460248.557161168	0.002	0	0.05	0.006	-5	0.02	0.002	-30	0.01	full	rep7
5359	1	3	0.00664326332941339	-3.27489164577821	0.0246295362943002	0.00309703452898729	-23.7533029947706	0.0246295362943002	0.000379420684549571	4.87540581934371	0.0246295362943002	460247.977337919	0.002	0	0.05	0.006	-5	0.02	0.002	-30	0.01	reduced	rep7
7012	1	3	0.00512607389890999	-1.86123269287688	0.0467921883153282	0.00436543258186516	-10.9372161821756	0	0.0138296807828429	-4106.97488494727	0.0189058366965669	459762.056065065	0.002	0	0.05	0.006	-5	0.02	0.002	-30	0.01	full	rep8
8721	1	3	0.0055817246483335	-7.80148570049421	0.026231290487548	0.00124790878327423	-95.1304529871663	0.026231290487548	0.00350125108981183	-0.916875015142347	0.026231290487548	459761.760402046	0.002	0	0.05	0.006	-5	0.02	0.002	-30	0.01	reduced	rep8
5049	1	3	0.00492847345097478	-3.7199690244465	0.00415887495057466	0.00219502342483816	-1.01485525578665	0.0942640242302194	0.00278272652159308	-21.5790510078051	0	461452.42664413	0.002	0	0.05	0.006	-5	0.02	0.002	-30	0.01	full	rep9
5750	1	3	0.000154364491261345	11.5569109178651	0.0229523348752601	0.00316116466780708	-19.8649841226262	0.0229523348752601	0.00657771555241584	-2.74095118645028	0.0229523348752601	461452.576448892	0.002	0	0.05	0.006	-5	0.02	0.002	-30	0.01	reduced	rep9
3272	1	3	0.00216546452323793	-0.330228885452574	0.102387788792201	0.00225916491071224	-27.7007793547892	0	0.00562079726865934	-4.77063069889394	0	462611.473537523	0.002	0	0.05	0.006	-5	0.02	0.002	-30	0.01	full	rep10
2552	1	3	0.00286592024155833	-22.5902790349092	0.0226471578881436	0.00668245774499288	-3.39943249427691	0.0226471578881436	0.000462500922064185	5.01102328499207	0.0226471578881436	462611.156787002	0.002	0	0.05	0.006	-5	0.02	0.002	-30	0.01	reduced	rep10
5878	1	3	0.00390267129663589	-1.26170104935652	0.0598424746011983	0.00114740613787321	-57.2563744584406	0	0.00498347275420883	-7.52972733587762	0	460283.981284441	0.002	0	0.05	0.006	-5	0.02	0.002	-30	0.01	full	rep11
340	1	3	0.00669034093023084	-3.74734396520648	0.0241321011687012	0.00249293759157607	-21.552610109033	0.0241321011687012	0.00066661578860278	3.33560383972874	0.0241321011687012	460282.48724992	0.002	0	0.05	0.006	-5	0.02	0.002	-30	0.01	reduced	rep11
9309	1	3	0.0074210834231715	-4.04424707865422	0	0.000603951377012818	4.44928190614712	0.346083174992723	0.00210868043354138	-36.6466302174984	0	463532.112291782	0.002	0	0.05	0.006	-5	0.02	0.002	-30	0.01	full	rep12
3571	1	3	0.00222787070004051	-34.4950677615001	0.0214440833203861	0.00050042645719574	6.23214902532687	0.0214440833203861	0.00739372794884513	-3.87953762875998	0.0214440833203861	463531.909535956	0.002	0	0.05	0.006	-5	0.02	0.002	-30	0.01	reduced	rep12
1035	1	3	0.00254260919257843	-24.3626155300592	0.0501369603265647	0.00652991445693138	-4.02440155671671	0.0139993941050993	0.000929683288401041	2.28195356220803	0.0532797734446928	461791.115375138	0.002	0	0.05	0.006	-5	0.02	0.002	-30	0.01	full	rep13
2276	1	3	0.00231613536618829	-0.0540828413787269	0.025965373531812	0.00187215093463755	-32.7416361201233	0.025965373531812	0.00586645656709971	-5.56699649445907	0.025965373531812	461791.077895977	0.002	0	0.05	0.006	-5	0.02	0.002	-30	0.01	reduced	rep13
4285	1	3	0.00419602984642969	-1.47651615404051	0.0558928903534511	0.00118615367487424	-68.4203294906807	0	0.0048039292481209	-7.92899603814033	0	462013.866112016	0.002	0	0.05	0.006	-5	0.02	0.002	-30	0.01	full	rep14
2258	1	3	0.0015016313180238	-53.7017238025607	0.0248441800899746	0.00662984150546593	-5.76355517659693	0.0248441800899746	0.00204583785860993	0.240872527956262	0.0248441800899746	462013.189413781	0.002	0	0.05	0.006	-5	0.02	0.002	-30	0.01	reduced	rep14
292	1	3	0.00585815788657699	-3.4677010048879	0	0.00280898199005062	-17.5952148697057	0	0.00104372854489081	0.415838558067853	0.221720804103442	456677.096092391	0.002	0	0.05	0.006	-5	0.02	0.002	-30	0.01	full	rep15
7643	1	3	0.000307518501695501	6.27952341803516	0.0241955549970922	0.00621761694275213	-2.94826834969433	0.0241955549970922	0.00317736351130469	-16.3705636139784	0.0241955549970922	456677.23546037	0.002	0	0.05	0.006	-5	0.02	0.002	-30	0.01	reduced	rep15
9538	1	3	0.00201839458702776	-39.0104704126781	0	0.0067761692386548	-4.82819127871162	0.0344537526221196	0.00139339986256402	0.985491483763252	0	460925.030345626	0.002	0	0.05	0.006	-5	0.02	0.002	-30	0.01	full	rep16
2426	1	3	0.00707673363042549	-4.3881766530546	0.0241724592200252	0.00217897802809137	-37.0073551643018	0.0241724592200252	0.000934517144238354	2.21927481601618	0.0241724592200252	460924.562068329	0.002	0	0.05	0.006	-5	0.02	0.002	-30	0.01	reduced	rep16
7218	1	3	0.00199927386578432	-27.4730426112933	0.0375675537529518	0.00523932592228471	-5.34660249995362	0.00560129684928261	0.00275870039160477	-0.647840814240605	0.059757089481	464841.20758857	0.002	0	0.05	0.006	-5	0.02	0.002	-30	0.01	full	rep17
8696	1	3	0.00630432729936863	-4.3196332749932	0.0262923992380575	0.00226524102231276	-25.4861010463776	0.0262923992380575	0.00142446681271036	0.705919203757889	0.0262923992380575	464841.214555586	0.002	0	0.05	0.006	-5	0.02	0.002	-30	0.01	reduced	rep17
3741	1	3	0.00343939036051439	-0.882557549219349	0.0322261743326821	0.00121830605567415	-47.6586023576966	0.0531417171165431	0.00545734102361665	-7.72612831527687	0.0155136449316777	460081.347749427	0.002	0	0.05	0.006	-5	0.02	0.002	-30	0.01	full	rep18
4912	1	3	0.00521665539032438	-6.83617856788041	0.0244563921835642	0.00165824782927417	-29.2748662937984	0.0244563921835642	0.0031434448249121	-0.718212165660153	0.0244563921835642	460081.476492242	0.002	0	0.05	0.006	-5	0.02	0.002	-30	0.01	reduced	rep18
4286	1	3	0.00170701238448624	-54.4942510829315	0	0.00317689698480298	-1.09352838018363	0.071761305446684	0.00533313490396147	-5.87237893086905	0	461666.992938896	0.002	0	0.05	0.006	-5	0.02	0.002	-30	0.01	full	rep19
1960	1	3	0.00213036342976501	-37.9718687775073	0.0236147259498044	0.00733804293972337	-4.01122363458259	0.0236147259498044	0.000657665751159987	3.16442824649161	0.0236147259498044	461666.968801212	0.002	0	0.05	0.006	-5	0.02	0.002	-30	0.01	reduced	rep19
6516	1	3	0.00267218136945109	-28.8169655455896	0.0501339265775493	0.000557035234385191	4.54460867464195	0.0148506989477754	0.0069514439253409	-3.73456946436195	0.0166659924381272	463082.621384166	0.002	0	0.05	0.006	-5	0.02	0.002	-30	0.01	full	rep20
8721	1	3	0.0068054894555462	-4.12753221704448	0.0241811852853408	0.000936498144432549	1.9013846848847	0.0241811852853408	0.00245017195213541	-31.0931372193666	0.0241811852853408	463082.296324933	0.002	0	0.05	0.006	-5	0.02	0.002	-30	0.01	reduced	rep20
4404	1	3	0.00258038867925643	-0.777153553515769	0.0919504576603114	0.00563227407551714	-5.19134877959252	0	0.00204034406680966	-46.5253486242496	0	460320.601312649	0.002	0	0.05	0.006	-5	0.02	0.002	-30	0.01	full	rep21
940	1	3	0.00239881404894085	-36.3863633940563	0.024582752289357	0.00722603878206548	-3.82314614771993	0.024582752289357	0.000559776573808318	3.88998837836295	0.024582752289357	460320.262706975	0.002	0	0.05	0.006	-5	0.02	0.002	-30	0.01	reduced	rep21
4286	1	3	0.00328340415710118	-18.8908145214446	0	0.00265935427093468	-1.1703885167181	0.0701732220703755	0.00398555310540179	-3.84706538955488	0.0128943218427977	457364.89437027	0.002	0	0.05	0.006	-5	0.02	0.002	-30	0.01	full	rep22
7515	1	3	0.000195708842359265	10.0131785882605	0.0236988661323189	0.00629622183293336	-2.79062594600646	0.0236988661323189	0.00345724229398859	-19.4334407383767	0.0236988661323189	457365.701664308	0.002	0	0.05	0.006	-5	0.02	0.002	-30	0.01	reduced	rep22
6516	1	3	0.00210713243612003	-26.8205930418159	0	0.00251366244795086	-0.377168375291896	0.0119329294899473	0.00540228206286382	-5.3585097904165	0.040045602247533	463079.568668159	0.002	0	0.05	0.006	-5	0.02	0.002	-30	0.01	full	rep23
7603	1	3	0.0025094232507138	-24.1432190793395	0.0255641080368737	0.00623245820030253	-4.18926689235783	0.0255641080368737	0.00127919342183173	0.990753426331167	0.0255641080368737	463079.667441017	0.002	0	0.05	0.006	-5	0.02	0.002	-30	0.01	reduced	rep23
3410	1	3	0.00484555846853524	-7.64743355949542	0.0296929828255955	0.00117686148734406	-45.6108963682466	0	0.00393234190754531	-1.18724503947606	0.0277520827152332	460080.440993826	0.002	0	0.05	0.006	-5	0.02	0.002	-30	0.01	full	rep24
6047	1	3	0.00497480257094655	-7.28704752409467	0.0267360427880814	0.0012408360702992	-37.5018925317455	0.0267360427880814	0.00368138061484308	-1.02677529493428	0.0267360427880814	460079.607981555	0.002	0	0.05	0.006	-5	0.02	0.002	-30	0.01	reduced	rep24
2355	1	3	0.00151599384787296	-0.449935822793569	0.144644760486536	0.00267873024861614	-21.3941289324426	0	0.00571618126235015	-3.6473358458239	0.00396381136849531	462138.114245781	0.002	0	0.05	0.006	-5	0.02	0.002	-30	0.01	full	rep25
5916	1	3	0.000185212420061089	10.5235006375459	0.0244910660799602	0.00312369725379654	-19.2127674389583	0.0244910660799602	0.00658516101374535	-2.83827663096529	0.0244910660799602	462138.107806498	0.002	0	0.05	0.006	-5	0.02	0.002	-30	0.01	reduced	rep25
2355	1	3	0.00371970880148417	-1.3107980454722	0.0654558229153217	0.00188499818307743	-35.1781328257087	0	0.00448517847600937	-6.10940051613531	0	462716.426766484	0.002	0	0.05	0.006	-5	0.02	0.002	-30	0.01	full	rep26
573	1	3	0.00249160928786446	-27.3126819732018	0.025305551309146	0.00690620215504518	-3.73774280171327	0.025305551309146	0.000654021485379895	3.04777883562794	0.025305551309146	462715.819044741	0.002	0	0.05	0.006	-5	0.02	0.002	-30	0.01	reduced	rep26
2865	1	3	0.00262953714318991	-24.3974846768967	0	0.000803695010536244	2.06003831890108	0.000635608626475042	0.00661857000519618	-3.8020201009578	0.0357802481243608	462616.033645927	0.002	0	0.05	0.006	-5	0.02	0.002	-30	0.01	full	rep27
7775	1	3	0.000432968258745858	5.25336341577977	0.0243723941248798	0.00671842023343815	-3.38516171470334	0.0243723941248798	0.00289834716879621	-22.9417866938766	0.0243723941248798	462616.242510784	0.002	0	0.05	0.006	-5	0.02	0.002	-30	0.01	reduced	rep27
8877	1	3	0.00393296526702232	-1.27559205377529	0.0579681924042506	0.00241014002468452	-272.84484593778	0	0.00524813706176831	-7.97322114688384	0	462833.026403599	0.002	0	0.05	0.006	-5	0.02	0.002	-30	0.01	full	rep28
9503	1	3	0.00195764129298211	-163.065153455507	0.0242862496649676	0.0066256891803484	-6.53443525712475	0.0242862496649676	0.00241562031485286	0.00404620404270924	0.0242862496649676	462830.637717382	0.002	0	0.05	0.006	-5	0.02	0.002	-30	0.01	reduced	rep28
4579	1	3	0.00247539835399299	-0.646682557640191	0.0965735203867352	0.00197543812011684	-50.5596592040867	0	0.00591932813388138	-5.27001220782846	0	465005.265260481	0.002	0	0.05	0.006	-5	0.02	0.002	-30	0.01	full	rep29
3736	1	3	0.00217980817529007	-47.4734296057859	0.0249533861895012	0.000900323274040274	2.3049635821294	0.0249533861895012	0.00731182177796969	-4.36305058538345	0.0249533861895012	465006.362995148	0.002	0	0.05	0.006	-5	0.02	0.002	-30	0.01	reduced	rep29
9611	1	3	0.001027111618172	-35.1592497409801	0	0.00454861486216142	-8.22292848803411	0	0.00434358115742573	-1.47564773094869	0.0524858233552118	463326.949100234	0.002	0	0.05	0.006	-5	0.02	0.002	-30	0.01	full	rep30
6769	1	3	0.001334850178167	-36.4300418559378	0.0242302397685936	0.00621138730731195	-6.12316968777861	0.0242302397685936	0.00242628651871801	-0.0645712439915285	0.0242302397685936	463326.409299142	0.002	0	0.05	0.006	-5	0.02	0.002	-30	0.01	reduced	rep30
1797	1	3	0.00449080643380589	-5.42461862685576	0	0.003230366213352	-1.03651903167719	0.0727505907924981	0.00229977916783608	-26.233153127604	0	461711.724794765	0.002	0	0.05	0.006	-5	0.02	0.002	-30	0.01	full	rep31
3858	1	3	0.00651408221749325	-3.543437996628	0.0245093405286771	0.00284768869030776	-22.557899516603	0.0245093405286771	0.00064094183149194	3.15150398763943	0.0245093405286771	461711.139957045	0.002	0	0.05	0.006	-5	0.02	0.002	-30	0.01	reduced	rep31
2555	1	3	0.00387614593524436	-7.07750519236846	0	0.00194580154895961	-32.2294162281773	0	0.00430924186609708	-1.58018802989073	0.0572422515429941	461531.220875533	0.002	0	0.05	0.006	-5	0.02	0.002	-30	0.01	full	rep32
2973	1	3	0.00329576801101099	-20.6631460034467	0.0247106815476769	0.000266216184618817	7.80821229948146	0.0247106815476769	0.006488998383873	-3.00170393086585	0.0247106815476769	461530.938847088	0.002	0	0.05	0.006	-5	0.02	0.002	-30	0.01	reduced	rep32
5389	1	3	0.00318551099625576	-17.688779806426	0	0.000249953116937884	4.44131221995293	0.00397851437865256	0.00640039718318348	-2.84675832510622	0.036530975208036	460217.701049107	0.002	0	0.05	0.006	-5	0.02	0.002	-30	0.01	full	rep33
6758	1	3	0.000209894593590663	10.099418705116	0.0239310474824383	0.0063454447478893	-2.79760261682521	0.0239310474824383	0.00328445161406795	-17.7353924800698	0.0239310474824383	460217.808660451	0.002	0	0.05	0.006	-5	0.02	0.002	-30	0.01	reduced	rep33
8296	1	3	0.00444955125671866	-1.54968432534624	0.0501058437232525	0.00415708708408288	-7.91107512058869	0	0.00115433794341848	-26.5023278226225	0.00500716342561752	460936.843248372	0.002	0	0.05	0.006	-5	0.02	0.002	-30	0.01	full	rep34
2284	1	3	0.00592591766421681	-6.76896725235056	0.0245210531308571	0.0010228010313448	-51.347387227703	0.0245210531308571	0.00296749922484124	-0.539156022316152	0.0245210531308571	460937.268738787	0.002	0	0.05	0.006	-5	0.02	0.002	-30	0.01	reduced	rep34
6220	1	3	0.00347500953626429	-9.34187890857119	0	0.00506301483736825	-1.7813016056034	0.0436648218452039	0.00142999431400376	-26.2739505956501	0	464160.324242146	0.002	0	0.05	0.006	-5	0.02	0.002	-30	0.01	full	rep35
4352	1	3	0.00414771465514032	-14.4753892974812	0.0161956008040294	0.000114711609160743	100	0.0161956008040294	0.00558019961899005	-2.19554788134856	0.0161956008040294	464162.244403238	0.002	0	0.05	0.006	-5	0.02	0.002	-30	0.01	reduced	rep35
2338	1	3	0.00249054819694498	-0.389990801202044	0.0854875673893293	0.00599699699772423	-5.54118682117666	0	0.00167771147370236	-49.3034282921134	0	463906.873155375	0.002	0	0.05	0.006	-5	0.02	0.002	-30	0.01	full	rep36
7269	1	3	0.00193314428921522	-40.8536181089056	0.0221032160944543	0.007203952802727	-4.44205373445538	0.0221032160944543	0.000988067191166059	2.38674661840618	0.0221032160944543	463905.458002184	0.002	0	0.05	0.006	-5	0.02	0.002	-30	0.01	reduced	rep36
8295	1	3	0.00636669505428865	-3.52992126032121	0	0.00081271584297123	1.69096723141538	0.267302839022862	0.00294670437068333	-25.1010595094184	0	462599.536122099	0.002	0	0.05	0.006	-5	0.02	0.002	-30	0.01	full	rep37
7226	1	3	0.000270319649803546	10.0637198564647	0.0214081886690109	0.00345517055638396	-21.3656086829652	0.0214081886690109	0.00635213152378774	-2.84733313673465	0.0214081886690109	462598.932781839	0.002	0	0.05	0.006	-5	0.02	0.002	-30	0.01	reduced	rep37
8754	1	3	0.00543531024549818	-1.93519946828497	0.0421563081209366	0.00247916693210781	-19.1579364778944	0	0.00207498170989218	-9.1485885470618	0.00954059136348401	464766.419611476	0.002	0	0.05	0.006	-5	0.02	0.002	-30	0.01	full	rep38
367	1	3	0.00263017702712357	-21.9060435261132	0.0261617918237296	0.00509981099363984	-4.81505247283281	0.0261617918237296	0.00231222440391159	-0.241042067641795	0.0261617918237296	464766.483336545	0.002	0	0.05	0.006	-5	0.02	0.002	-30	0.01	reduced	rep38
2415	1	3	0.00154617304275115	-30.980985788366	0	0.00445847292155558	-6.67800613318286	0	0.00393617766660748	-1.43364955902512	0.0602819147282456	461956.483553757	0.002	0	0.05	0.006	-5	0.02	0.002	-30	0.01	full	rep39
9147	1	3	0.00221136089227327	-23.8902323802186	0.0249475335573953	0.000982159849221928	1.72335447825728	0.0249475335573953	0.00672059553477371	-4.16684877278731	0.0249475335573953	461955.709402768	0.002	0	0.05	0.006	-5	0.02	0.002	-30	0.01	reduced	rep39
4773	1	3	0.0032802827823383	-0.944856212277252	0.0630075677041834	0.00138207450385591	-69.5786603905197	0.0431728597155063	0.00548648103020277	-6.91094891427612	0	455389.639791875	0.002	0	0.05	0.006	-5	0.02	0.002	-30	0.01	full	rep40
6332	1	3	0.00148876844252041	-55.5968073705018	0.0253438011879219	0.0064195833094287	-5.94106096373409	0.0253438011879219	0.00217324182287199	0.0927643353923175	0.0253438011879219	455389.400719091	0.002	0	0.05	0.006	-5	0.02	0.002	-30	0.01	reduced	rep40
4693	1	3	0.00164948092552973	-43.9357069575624	0	0.00322875860439663	-1.00985749117812	0.0674031852320834	0.00520357355294061	-5.91052417229926	0	462902.413355489	0.002	0	0.05	0.006	-5	0.02	0.002	-30	0.01	full	rep41
5631	1	3	0.00142239910682829	1.00053288749215	0.0231818615592018	0.00183923275971845	-39.6956023246157	0.0231818615592018	0.00681299578722545	-4.74185627445462	0.0231818615592018	462902.440644054	0.002	0	0.05	0.006	-5	0.02	0.002	-30	0.01	reduced	rep41
8746	1	3	0.00528027437975741	-4.56768684752536	0	0.00249365566864482	-16.6441828110115	0	0.00205896010788807	-0.336492191746083	0.106495038965618	464210.144288364	0.002	0	0.05	0.006	-5	0.02	0.002	-30	0.01	full	rep42
966	1	3	0.00590547068453172	-2.91448884565298	0.0223160759808265	0.000325364440543156	6.34704666538259	0.0223160759808265	0.00358559427909825	-13.8089173389126	0.0223160759808265	464210.301094677	0.002	0	0.05	0.006	-5	0.02	0.002	-30	0.01	reduced	rep42
9326	1	3	0.00514606871835497	-2.0489267911571	0	0.0043289438322022	-12.0623095759874	0.0414056823741198	0.00012771402741582	100	0.00119645044381048	460079.471495712	0.002	0	0.05	0.006	-5	0.02	0.002	-30	0.01	full	rep43
9107	1	3	0.00110791309323745	-28.9131588207275	0.026006675250112	0.00384673503736155	-1.19882317042324	0.026006675250112	0.00480489798437619	-7.36712417024966	0.026006675250112	460078.1425407	0.002	0	0.05	0.006	-5	0.02	0.002	-30	0.01	reduced	rep43
8092	1	3	0.00342230184889055	-1.02249288743406	0.059988791474599	0.00537152430704038	-6.80005528580397	0.00096052174255312	0.00157571106177929	-71.573039968383	0.0286777106080958	462654.983720586	0.002	0	0.05	0.006	-5	0.02	0.002	-30	0.01	full	rep44
3629	1	3	0.00164154911602528	-92.3262385059372	0.0248084919835421	0.00627453275812005	-6.40502210137896	0.0248084919835421	0.00260309171797903	-0.267449597739932	0.0248084919835421	462654.997245599	0.002	0	0.05	0.006	-5	0.02	0.002	-30	0.01	reduced	rep44
8422	1	3	0.0036924483623565	-8.69963341998418	0.00096203378378487	0.00487910977416372	-1.72249241273765	0.047973753226079	0.00157385037691955	-50.99023152494	0	457190.263213945	0.002	0	0.05	0.006	-5	0.02	0.002	-30	0.01	full	rep45
2552	1	3	0.00558474216976992	-5.80992321892275	0.0256234506324499	0.00261326915753779	-0.320453021013161	0.0256234506324499	0.00193138291743307	-42.6739136103502	0.0256234506324499	457188.831849414	0.002	0	0.05	0.006	-5	0.02	0.002	-30	0.01	reduced	rep45
1919	1	3	0.00647301991699395	-4.46584731476724	0.0321086805817582	0.00210088699383181	-24.00366910459	0	0.0012932492149568	1.00911448277157	0.0121010490109764	459835.391993563	0.002	0	0.05	0.006	-5	0.02	0.002	-30	0.01	full	rep46
5825	1	3	0.00242438797948301	-22.3585352111342	0.0231939045552304	0.000652544945177322	3.26468804217904	0.0231939045552304	0.00679325233978045	-3.81339359043016	0.0231939045552304	459835.606033817	0.002	0	0.05	0.006	-5	0.02	0.002	-30	0.01	reduced	rep46
1008	1	3	0.00440158515553587	-1.45898161231746	0.0497507037609396	0.00500179839466764	-9.20103870896622	0	0.00778444721075882	-1544.54274620059	0.0209009697092176	463769.34628214	0.002	0	0.05	0.006	-5	0.02	0.002	-30	0.01	full	rep47
9928	1	3	0.00279523590325667	-0.305705665785264	0.0237659551962996	0.00635544605334432	-7.05112417647508	0.0237659551962996	0.00210413901003116	-214.655441589159	0.0237659551962996	463768.150203418	0.002	0	0.05	0.006	-5	0.02	0.002	-30	0.01	reduced	rep47
8349	1	3	0.0050742436315531	-7.10432939329576	0	0.00352192101457292	-0.953114984672944	0.048169810732049	0.0012147100006432	-31.658475496815	0.0899437434317821	459034.723566596	0.002	0	0.05	0.006	-5	0.02	0.002	-30	0.01	full	rep48
1120	1	3	0.0035574445897076	-0.947410066334069	0.0265597728143772	0.0011862852554187	-28.7088868629763	0.0265597728143772	0.00503704242338517	-7.26077119568799	0.0265597728143772	459034.073548382	0.002	0	0.05	0.006	-5	0.02	0.002	-30	0.01	reduced	rep48
8256	1	3	0.00436360245301894	-1.53269596282592	0.0533088555369833	0.00510650651981887	-8.95363252395076	0	0.00478232395111737	-1736.36032266266	0	461840.621657361	0.002	0	0.05	0.006	-5	0.02	0.002	-30	0.01	full	rep49
1219	1	3	0.00661733878428902	-5.30006645972226	0.0245613895051552	0.00153107422840244	-27.4163532758174	0.0245613895051552	0.00171992441926384	0.604617815260282	0.0245613895051552	461841.519623169	0.002	0	0.05	0.006	-5	0.02	0.002	-30	0.01	reduced	rep49
8311	1	3	0.00119467036550647	1.13598246291329	0.00366354228562804	0.00638676323461742	-4.23302592834492	0.0351767794395819	0.00236644994770283	-23.109148435769	0	462046.831326166	0.002	0	0.05	0.006	-5	0.02	0.002	-30	0.01	full	rep50
1311	1	3	0.000490997053804146	4.28094631930825	0.0235740113508446	0.00659715530271285	-3.43243288084516	0.0235740113508446	0.00284379692637219	-20.2674906785736	0.0235740113508446	462046.775064129	0.002	0	0.05	0.006	-5	0.02	0.002	-30	0.01	reduced	rep50
1723	1	3	0.00608694686885337	-3.32675389949336	0	0.0028599042884939	-18.6019815168763	0	0.000892195789761635	0.255900706289911	0.272713489161869	460339.880609698	0.002	0	0.05	0.006	-5	0.02	0.002	-30	0.01	full	rep51
1311	1	3	0.000185898925666304	10.9957044758326	0.0246403456642796	0.00633299056843154	-2.78501105460632	0.0246403456642796	0.00330298809994508	-16.9000314368993	0.0246403456642796	460339.888654211	0.002	0	0.05	0.006	-5	0.02	0.002	-30	0.01	reduced	rep51
2574	1	3	0.00437376555608669	-12.5855377044652	0	0.00186372920835689	-1193.94404639222	0.160355151518006	0.00536663126083211	-1.91141776618376	0.0409890785294207	462248.653070694	0.002	0	0.05	0.006	-5	0.02	0.002	-30	0.01	full	rep52
433	1	3	0.000267654426488636	5.9170967131582	0.0235097737765975	0.00610544071380701	-2.78122133459666	0.0235097737765975	0.00356934505861733	-17.0422620097959	0.0235097737765975	462248.255472201	0.002	0	0.05	0.006	-5	0.02	0.002	-30	0.01	reduced	rep52
9864	1	3	0.00306954859927633	-0.66002806483931	0.0344348550369883	0.00153974301389544	-52.0746648354157	0.0308002954592638	0.00549990796044685	-6.5851329641129	0.0190116330318977	457885.396423611	0.002	0	0.05	0.006	-5	0.02	0.002	-30	0.01	full	rep53
3368	1	3	0.00284433840373121	-0.475347117667424	0.0252055236366314	0.00566531189209339	-6.35251353209206	0.0252055236366314	0.00157696469425692	-48.4912973419786	0.0252055236366314	457885.522318216	0.002	0	0.05	0.006	-5	0.02	0.002	-30	0.01	reduced	rep53
4695	1	3	0.00412066901025288	-8.11450615243506	0	0.00137529246259968	-34.3366722966583	0	0.00454234968167947	-1.6326618296334	0.0524918051917946	463305.268729725	0.002	0	0.05	0.006	-5	0.02	0.002	-30	0.01	full	rep54
4148	1	3	0.00203519435724845	-27.6794997115446	0.0252214566284016	0.00616355877219592	-5.06890834950514	0.0252214566284016	0.00184408173989902	0.347470457821491	0.0252214566284016	463305.839480185	0.002	0	0.05	0.006	-5	0.02	0.002	-30	0.01	reduced	rep54
8780	1	3	0.00165620766444887	-46.153590756592	0	0.00410778547943441	-1.36583588939224	0.051811290122608	0.00433816572797429	-7.21071596317141	0	458931.388865552	0.002	0	0.05	0.006	-5	0.02	0.002	-30	0.01	full	rep55
3311	1	3	0.00241658288214591	-29.7949896849681	0.0222849593002601	0.000927812269932183	2.07135908397604	0.0222849593002601	0.00666977173236613	-4.01125186316168	0.0222849593002601	458931.211222693	0.002	0	0.05	0.006	-5	0.02	0.002	-30	0.01	reduced	rep55
3395	1	3	0.00169320346531664	-61.4247026504874	0.0299112325445821	0.00175329887506941	0.481498270066333	0.0332063136235733	0.00678128722059978	-5.30598682690828	0.0225856200307805	459117.590741947	0.002	0	0.05	0.006	-5	0.02	0.002	-30	0.01	full	rep56
9746	1	3	0.00672423759331071	-5.50242714131883	0.0253339442672741	0.0018973874681727	0.327847272036542	0.0253339442672741	0.00167475955496227	-71.0335111207236	0.0253339442672741	459117.642391925	0.002	0	0.05	0.006	-5	0.02	0.002	-30	0.01	reduced	rep56
687	1	3	0.00461343998271649	-5.8559469379353	0	0.00345326040216592	-1.17246681296664	0.0681195715658937	0.00181767325949423	-26.1478953994436	0	462064.146585224	0.002	0	0.05	0.006	-5	0.02	0.002	-30	0.01	full	rep57
8497	1	3	0.00252525432252366	-21.3291600384441	0.0245849963677629	0.000647533471207722	3.02949382298487	0.0245849963677629	0.00669984682167243	-3.65332963476323	0.0245849963677629	462064.096179979	0.002	0	0.05	0.006	-5	0.02	0.002	-30	0.01	reduced	rep57
4188	1	3	0.00151338375050269	-37.7563049675722	0.0296994824081892	0.00260438431682228	-0.354099252605156	0.0628279293449869	0.00587340378695978	-6.11548852916849	0.00564173540112151	459173.129820147	0.002	0	0.05	0.006	-5	0.02	0.002	-30	0.01	full	rep58
8497	1	3	0.00185124994274616	-29.0670615941957	0.0240082577462839	0.00167606858961353	0.768810068755155	0.0240082577462839	0.00641148889972935	-5.16315354311902	0.0240082577462839	459173.269238259	0.002	0	0.05	0.006	-5	0.02	0.002	-30	0.01	reduced	rep58
8601	1	3	0.00630771694391992	-4.94520534025186	5.07652403154424e-07	0.00193365970602559	-0.135735043226641	0.119731039594762	0.0017181067577457	-34.0896286511867	2.02981054243212e-06	461076.726467428	0.002	0	0.05	0.006	-5	0.02	0.002	-30	0.01	full	rep59
6604	1	3	0.00188209408302473	-32.812613047721	0.024566723027856	0.000936561447638122	2.26932694357317	0.024566723027856	0.00715864782955386	-4.40582314957398	0.024566723027856	461077.966896078	0.002	0	0.05	0.006	-5	0.02	0.002	-30	0.01	reduced	rep59
9217	1	3	0.00187101339650213	-31.263020163305	0.0494188688990688	0.00145079145607116	1.00706861419864	0.103980945410651	0.00661793492863615	-4.74981415361072	0.000873585596207391	460895.14254868	0.002	0	0.05	0.006	-5	0.02	0.002	-30	0.01	full	rep60
8869	1	3	0.00255891355377462	-0.137405018279711	0.0242795777882517	0.00127567991946131	-56.5683915038185	0.0242795777882517	0.00622424504627481	-6.36183858878019	0.0242795777882517	460895.639981199	0.002	0	0.05	0.006	-5	0.02	0.002	-30	0.01	reduced	rep60
8008	1	3	0.00220175437133666	-26.6638233039525	0	0.00572178875042528	-4.52482362454905	0.00198387013789472	0.00205887587061234	-0.524020261162906	0.111529882979011	461754.190909147	0.002	0	0.05	0.006	-5	0.02	0.002	-30	0.01	full	rep61
4842	1	3	0.00262417125868912	-23.4442310607414	0.0249064403594001	0.00692094614886492	-3.47006150815662	0.0249064403594001	0.00042490943829498	4.82012597442499	0.0249064403594001	461754.252071709	0.002	0	0.05	0.006	-5	0.02	0.002	-30	0.01	reduced	rep61
9209	1	3	0.000541076612331395	3.27502249358843	0.404925052177375	0.00705504293310062	-3.60628063509186	0	0.00231348732897877	-25.5409004385824	0	462283.713207608	0.002	0	0.05	0.006	-5	0.02	0.002	-30	0.01	full	rep62
3482	1	3	0.000206571124483332	15.1872351173219	0.0212529823923165	0.00299827624263361	-19.0543073021365	0.0212529823923165	0.00662105491659528	-2.90150491454982	0.0212529823923165	462283.690142352	0.002	0	0.05	0.006	-5	0.02	0.002	-30	0.01	reduced	rep62
2851	1	3	0.000309139592389538	10.3868951656896	0.712926929837278	0.00645825224339347	-3.09434805414204	0	0.00315854654944801	-19.2160819429372	0	462080.536931797	0.002	0	0.05	0.006	-5	0.02	0.002	-30	0.01	full	rep63
5637	1	3	0.00652246009297064	-2.92164576964501	0.0223514050950261	0.00318598787935256	-19.0067524724558	0.0223514050950261	0.000213649714440068	11.7525138945972	0.0223514050950261	462080.547164752	0.002	0	0.05	0.006	-5	0.02	0.002	-30	0.01	reduced	rep63
9326	1	3	0.00184047722518981	-38.5161143251348	0	0.0057795719562033	-5.2749965303518	0	0.0024697762543079	-0.461176554187974	0.0934102723383564	463131.776130569	0.002	0	0.05	0.006	-5	0.02	0.002	-30	0.01	full	rep64
2073	1	3	0.000575237130891184	4.32440729179482	0.0236212923737675	0.00703766560077263	-3.71637023379957	0.0236212923737675	0.0024067352185706	-28.0207052366477	0.0236212923737675	463130.750487935	0.002	0	0.05	0.006	-5	0.02	0.002	-30	0.01	reduced	rep64
4963	1	3	0.00447966247861072	-8.97086364253963	0	0.000854600152520193	-72.1139465191423	0	0.00470289174612986	-1.75730161290618	0.0478723281761265	460378.286237418	0.002	0	0.05	0.006	-5	0.02	0.002	-30	0.01	full	rep65
4757	1	3	0.000339578833734632	4.99674713749523	0.0231490559124567	0.00636653952484447	-3.12243732130856	0.0231490559124567	0.00310139889240088	-16.5927349525965	0.0231490559124567	460377.096651622	0.002	0	0.05	0.006	-5	0.02	0.002	-30	0.01	reduced	rep65
9724	1	3	0.000344580599522136	-67.6703930494535	0	0.00427597510787397	-11.1982297070141	0.0042221919343704	0.00522376084743998	-1.83210286942554	0.0425864319928598	461281.048441498	0.002	0	0.05	0.006	-5	0.02	0.002	-30	0.01	full	rep66
4904	1	3	0.00187758565056231	0.114721467083297	0.0254664030265204	0.00282482480061105	-16.4671630953929	0.0254664030265204	0.00507416687008397	-4.27993563797707	0.0254664030265204	461280.748525458	0.002	0	0.05	0.006	-5	0.02	0.002	-30	0.01	reduced	rep66
9326	1	3	0.00153424692182054	-39.9137933047764	0	0.00574350859945723	-6.36463212790108	0.0382988229061483	0.00277725964805332	-0.504672434218113	0.00942648649589593	459075.992010516	0.002	0	0.05	0.006	-5	0.02	0.002	-30	0.01	full	rep67
3317	1	3	0.00599094725977137	-5.7351871691109	0.025545280270657	0.00233298264010733	-0.183165106021272	0.025545280270657	0.00172834405135058	-36.5289784364308	0.025545280270657	459075.585112542	0.002	0	0.05	0.006	-5	0.02	0.002	-30	0.01	reduced	rep67
8094	1	3	0.0055999790319922	-5.08143889580963	0.0416336116691202	0.00225413099448925	-23.4756683464888	0	0.00213756850063108	-0.105881157517834	0.00176149516450699	462012.543510706	0.002	0	0.05	0.006	-5	0.02	0.002	-30	0.01	full	rep68
7939	1	3	0.00635638101020969	-4.47554435025493	0.0245196339826275	0.00134124198785843	0.93867616249691	0.0245196339826275	0.00234213755680312	-25.474088471204	0.0245196339826275	462012.522152273	0.002	0	0.05	0.006	-5	0.02	0.002	-30	0.01	reduced	rep68
1378	1	3	0.0012217477655955	-959.491987584481	0.0594065053816611	0.00534935156925277	-1.88910938918318	0.0430987958983226	0.00443497806482425	-12.6188558510058	0	463283.799230152	0.002	0	0.05	0.006	-5	0.02	0.002	-30	0.01	full	rep69
3727	1	3	0.00239849941530873	-20.6617622338054	0.0248524776075382	0.00282041488192084	-0.508310118770367	0.0248524776075382	0.00475605865339085	-5.65279094208201	0.0248524776075382	463283.495815998	0.002	0	0.05	0.006	-5	0.02	0.002	-30	0.01	reduced	rep69
5689	1	3	0.00516206057559593	-5.89698967435664	0.000217565623245941	0.00319033298139079	-1.04790474662198	0.0682137801291793	0.00164830573741465	-39.8765575492494	0.0240393938533333	459274.886273362	0.002	0	0.05	0.006	-5	0.02	0.002	-30	0.01	full	rep70
4031	1	3	0.00682109179982792	-4.40590384894799	0.0259358989079438	0.00116577779422747	1.22999704159142	0.0259358989079438	0.00198405178384186	-32.6996522725011	0.0259358989079438	459275.096798571	0.002	0	0.05	0.006	-5	0.02	0.002	-30	0.01	reduced	rep70
4301	1	3	0.00176828238493894	0.64932270143975	0.000441773317655196	0.00135904143366262	-40.104406675245	0	0.00681599215546057	-5.55100236709835	0.0337600650745326	460038.346218473	0.002	0	0.05	0.006	-5	0.02	0.002	-30	0.01	full	rep71
6210	1	3	0.00693957535059385	-5.09974111765488	0.0241235580172948	0.00143578986798782	1.14240052292413	0.0241235580172948	0.00155655831934195	-34.9915487582673	0.0241235580172948	460038.48691066	0.002	0	0.05	0.006	-5	0.02	0.002	-30	0.01	reduced	rep71
5689	1	3	0.000872122624486556	2.82668028494647	0.000182374675484804	0.00705703799335488	-4.35833794070889	0.0164891279061567	0.00224003677943104	-31.1332572540082	0.0715270567066482	464301.166609448	0.002	0	0.05	0.006	-5	0.02	0.002	-30	0.01	full	rep72
6139	1	3	0.00211481615268762	0.0281423760273714	0.0248832641893767	0.00177435752696718	-39.5927905471524	0.0248832641893767	0.00631770687688767	-5.56515814004789	0.0248832641893767	464299.950740853	0.002	0	0.05	0.006	-5	0.02	0.002	-30	0.01	reduced	rep72
5484	1	3	0.00523337314177129	-6.89063154695835	0	0.00354563175051896	-1.1154269403688	0.0655998096045466	0.00144335150040616	-64.5192556812923	0	460978.223943099	0.002	0	0.05	0.006	-5	0.02	0.002	-30	0.01	full	rep73
9240	1	3	0.00705109588103935	-4.76869061104407	0.0243167495107542	0.00121296730903514	1.62241217782241	0.0243167495107542	0.00184899840071431	-41.4294226634856	0.0243167495107542	460976.892958475	0.002	0	0.05	0.006	-5	0.02	0.002	-30	0.01	reduced	rep73
8594	1	3	0.00164818147353292	0.558999465539666	1.81461058765953e-05	0.00646006671369042	-5.04189005025279	0.0370259971972764	0.00187292913094778	-28.6159031602439	0	460826.91830701	0.002	0	0.05	0.006	-5	0.02	0.002	-30	0.01	full	rep74
1750	1	3	0.00676571813109767	-4.28211471903481	0.024828469591757	0.000972656504416637	1.89389049275036	0.024828469591757	0.00223796942208799	-25.2762568050306	0.024828469591757	460827.339768974	0.002	0	0.05	0.006	-5	0.02	0.002	-30	0.01	reduced	rep74
8410	1	3	0.000284678989420512	13.9626946731438	0.769017894766537	0.00671950938529106	-3.10432805636227	0	0.00291239255021875	-21.412039269925	0	463553.879038684	0.002	0	0.05	0.006	-5	0.02	0.002	-30	0.01	full	rep75
3925	1	3	0.00685478508511986	-2.96014681925406	0.0222260296830288	0.00287510945923245	-21.3932633105866	0.0222260296830288	0.000187798002974197	13.4002279556782	0.0222260296830288	463554.062915463	0.002	0	0.05	0.006	-5	0.02	0.002	-30	0.01	reduced	rep75
4929	1	3	0.00182227031999296	-34.1696974159116	0	0.00375996804547219	-1.34372844433179	0.064428825731778	0.00444211068535538	-6.20295124322605	0	460793.173340897	0.002	0	0.05	0.006	-5	0.02	0.002	-30	0.01	full	rep76
5289	1	3	0.00265924678852928	-23.9396994529597	0.0250532959414941	0.00683353950101218	-3.45741687245178	0.0250532959414941	0.000469642599011395	4.27277260176415	0.0250532959414941	460792.488968526	0.002	0	0.05	0.006	-5	0.02	0.002	-30	0.01	reduced	rep76
6688	1	3	0.00409806316665526	-4620.99786894988	0.0397628749140449	0.0056211311760725	-2.08770005879168	0.0441992202582107	0.00420883247120176	-12.9803452145448	0	464154.158155845	0.002	0	0.05	0.006	-5	0.02	0.002	-30	0.01	full	rep77
86	1	3	0.00267206972187567	-18.8790668518376	0.026349565583841	0.00200264002199438	-0.0725228598755486	0.026349565583841	0.00529405278181989	-4.62875075439356	0.026349565583841	464153.534399159	0.002	0	0.05	0.006	-5	0.02	0.002	-30	0.01	reduced	rep77
2490	1	3	0.00200125211700175	-38.6847910445954	0.0223619637663654	0.00135663887963608	0.937527456327164	3.79901910238667e-05	0.00673865897655544	-4.67483607194435	0.0297336446440535	458881.655410274	0.002	0	0.05	0.006	-5	0.02	0.002	-30	0.01	full	rep78
34	1	3	0.00139325794560645	0.812154279480677	0.024386511993414	0.00669578295845614	-4.66878537640789	0.024386511993414	0.00200939843557943	-38.6950982826488	0.024386511993414	458881.658448396	0.002	0	0.05	0.006	-5	0.02	0.002	-30	0.01	reduced	rep78
2536	1	3	0.00495135058108763	-6.14044132848299	0	0.00329201928303833	-1.01387513816764	0.0549164699417194	0.00193808473014146	-41.6351886694097	0.0381175776265115	459394.541407645	0.002	0	0.05	0.006	-5	0.02	0.002	-30	0.01	full	rep79
7351	1	3	0.00242933284594067	-0.338216473820298	0.0243029006959466	0.00568654731223041	-5.47309359600304	0.0243029006959466	0.00203554222585136	-37.9757889091217	0.0243029006959466	459394.34815063	0.002	0	0.05	0.006	-5	0.02	0.002	-30	0.01	reduced	rep79
3347	1	3	0.000746189884625725	-39.2829261603802	0	0.00419452856539948	-10.0999186152384	0	0.00498601779179991	-1.81524431216825	0.0475609783644207	460840.957243819	0.002	0	0.05	0.006	-5	0.02	0.002	-30	0.01	full	rep80
8436	1	3	0.00566598503096764	-6.71264838340348	0.0253620511804893	0.00295120627143804	-0.577998002443058	0.0253620511804893	0.00134990217052054	-33.6334354841401	0.0253620511804893	460840.320705305	0.002	0	0.05	0.006	-5	0.02	0.002	-30	0.01	reduced	rep80
6943	1	3	0.00192185055861385	-0.237088578719258	0.114408354199114	0.00203651949696111	-34.3389455042856	0	0.00612776415319814	-4.65303385845428	0.000939230596844032	463097.736791339	0.002	0	0.05	0.006	-5	0.02	0.002	-30	0.01	full	rep81
541	1	3	0.0071076704164409	-3.69373603596705	0.0233270551963301	0.000532668386164125	4.12835754436374	0.0233270551963301	0.00239962393313095	-28.2827623827238	0.0233270551963301	463096.898962447	0.002	0	0.05	0.006	-5	0.02	0.002	-30	0.01	reduced	rep81
6839	1	3	0.00240601207507628	-28.1842575496118	0	0.00203225744204564	-0.465594723800904	0.110782929893507	0.00562953091311293	-4.48510943138263	0	460461.758274902	0.002	0	0.05	0.006	-5	0.02	0.002	-30	0.01	full	rep82
7237	1	3	0.00683475075739597	-3.61452684062041	0.0233981095472215	0.0026863733502189	-26.0069118973221	0.0233981095472215	0.000538738395330537	3.78984180205599	0.0233981095472215	460461.246325115	0.002	0	0.05	0.006	-5	0.02	0.002	-30	0.01	reduced	rep82
444	1	3	0.00495473136639457	-4.49708512967525	0	0.00265283095797558	-21.5132797279106	0	0.00234896171440728	-0.682974860571346	0.0972928359680315	460271.3529567	0.002	0	0.05	0.006	-5	0.02	0.002	-30	0.01	full	rep83
8040	1	3	0.00630810947138863	-2.97996754081233	0.0232235264074393	0.00333650388426709	-18.5141082978681	0.0232235264074393	0.000292780751106727	7.06595390000145	0.0232235264074393	460271.402868241	0.002	0	0.05	0.006	-5	0.02	0.002	-30	0.01	reduced	rep83
1878	1	3	0.00271406495733652	-0.755087021871453	0.0743740932167229	0.00225054733266981	-40.6736540308481	0.0303962282725867	0.0052777221576046	-5.2044534904589	0	459618.516490165	0.002	0	0.05	0.006	-5	0.02	0.002	-30	0.01	full	rep84
7827	1	3	0.00171879333465798	0.315852467545014	0.0262371994452939	0.00229216931098504	-39.9105516420652	0.0262371994452939	0.00622771649038727	-4.70800978361429	0.0262371994452939	459618.527583951	0.002	0	0.05	0.006	-5	0.02	0.002	-30	0.01	reduced	rep84
6166	1	3	0.00194142187866551	-0.276145159179996	0.119452849786376	0.00200690606619756	-24.5949092334297	0	0.00582153992761245	-4.61028704840312	0	456402.355109918	0.002	0	0.05	0.006	-5	0.02	0.002	-30	0.01	full	rep85
6188	1	3	0.00650020854774479	-3.11236497710757	0.0238255858957893	0.00291174269167858	-18.0535650968517	0.0238255858957893	0.000306125604435854	7.40970686111422	0.0238255858957893	456402.104822881	0.002	0	0.05	0.006	-5	0.02	0.002	-30	0.01	reduced	rep85
4007	1	3	0.000622135425679211	2.65431059945237	0.00341615838370452	0.00678631511036323	-3.59851910514676	0.0322977963126225	0.00262634614715865	-24.7909672051915	0.00519540891379516	462874.549868353	0.002	0	0.05	0.006	-5	0.02	0.002	-30	0.01	full	rep86
7677	1	3	0.00286973721838975	-23.0145439000173	0.0238872310965706	0.00679302282433724	-3.26578277975495	0.0238872310965706	0.000359933704268261	5.96071295988938	0.0238872310965706	462874.931743553	0.002	0	0.05	0.006	-5	0.02	0.002	-30	0.01	reduced	rep86
9292	1	3	0.00194478439370559	-31.0538575723746	0	0.00153985967453064	0.320847964518207	0.145810334453778	0.00646421789935035	-4.57990860892146	0	459412.11827916	0.002	0	0.05	0.006	-5	0.02	0.002	-30	0.01	full	rep87
9606	1	3	0.00700694712618763	-3.6707663979355	0.0230624986635975	0.000488070547913207	5.15090087490491	0.0230624986635975	0.00241705167524951	-25.1347722205795	0.0230624986635975	459411.852850929	0.002	0	0.05	0.006	-5	0.02	0.002	-30	0.01	reduced	rep87
2903	1	3	0.00181407949260343	0.319028300957262	0.00385594944378572	0.00650018887629656	-5.03151209107634	0.0347422894248568	0.00164373065088818	-37.8065701072948	0	461579.316229421	0.002	0	0.05	0.006	-5	0.02	0.002	-30	0.01	full	rep88
1902	1	3	0.00687235787835834	-4.52092600809572	0.0244681701731587	0.00126182551917164	1.16476632286526	0.0244681701731587	0.0018146240512544	-34.4624943788165	0.0244681701731587	461579.068432905	0.002	0	0.05	0.006	-5	0.02	0.002	-30	0.01	reduced	rep88
4704	1	3	0.00426180580112962	-10.076487916184	0	0.0272668560448798	-4639.25398330901	0	0.00507008273598692	-1.83678425683213	0.0492654665236894	462273.212439228	0.002	0	0.05	0.006	-5	0.02	0.002	-30	0.01	full	rep89
1902	1	3	0.00602874153512317	-7.11323189965632	0.0265805041654993	0.00305822838326508	-0.604763852140345	0.0265805041654993	0.00324871144530541	-332.262433956301	0.0265805041654993	462269.580628048	0.002	0	0.05	0.006	-5	0.02	0.002	-30	0.01	reduced	rep89
6955	1	3	0.00236640349060859	-1.08717446480861	0.104242313190319	0.0046718634844897	-3.83995512098045	0	0.0028513884217297	-19.8098990648337	0	460787.895608021	0.002	0	0.05	0.006	-5	0.02	0.002	-30	0.01	full	rep90
1299	1	3	0.00337719729296847	-17.8243736886071	0.0235885843221529	0.000137871794192634	20.6622854051404	0.0235885843221529	0.00634730680022597	-2.65650086772078	0.0235885843221529	460788.470570757	0.002	0	0.05	0.006	-5	0.02	0.002	-30	0.01	reduced	rep90
8339	1	3	0.00327295378827587	-0.839036801977593	0	0.00497406128292223	-6.65291114675714	0.0509050760256348	0.0018581260514649	-30.2383948474973	0	462052.482196387	0.002	0	0.05	0.006	-5	0.02	0.002	-30	0.01	full	rep91
2909	1	3	0.00395712852873463	-1.2521858704055	0.0261121199650234	0.00149978671131061	-40.6359700899543	0.0261121199650234	0.0047161404279487	-7.83292706760797	0.0261121199650234	462052.543234224	0.002	0	0.05	0.006	-5	0.02	0.002	-30	0.01	reduced	rep91
9619	1	3	0.0016481261680514	-83.5072862523996	0	0.00381663295827062	-1.21889529082058	0.0603574534107952	0.00489524968642784	-6.96342996197569	0	459708.854580066	0.002	0	0.05	0.006	-5	0.02	0.002	-30	0.01	full	rep92
2558	1	3	0.00676471465768771	-5.07329584395058	0.0245367987190357	0.00162441988209765	0.848403426237861	0.0245367987190357	0.00182259516507181	-57.3675937079317	0.0245367987190357	459707.129997638	0.002	0	0.05	0.006	-5	0.02	0.002	-30	0.01	reduced	rep92
635	1	3	0.00151935837190668	-37.3846217605368	0	0.00232819670055157	-0.309563360398918	0.0204437396794538	0.00613338064761083	-5.65904096315404	0.0338126918462641	459827.642606283	0.002	0	0.05	0.006	-5	0.02	0.002	-30	0.01	full	rep93
6559	1	3	0.00663459830166821	-5.04513756846009	0.0267168853920846	0.00169721796833122	-34.5767115379482	0.0267168853920846	0.00164904159350857	0.44989909849052	0.0267168853920846	459827.404737194	0.002	0	0.05	0.006	-5	0.02	0.002	-30	0.01	reduced	rep93
9627	1	3	0.00203799317750229	-30.4699950479508	0	0.00154664132273603	0.641505587977198	0	0.00641619326367962	-4.71147843446095	0.0363293031753028	460558.055315899	0.002	0	0.05	0.006	-5	0.02	0.002	-30	0.01	full	rep94
542	1	3	0.00681034017327111	-4.01423493758152	0.0242852783443747	0.00233509616843633	-27.1957527702838	0.0242852783443747	0.000842297379296506	2.2801242816456	0.0242852783443747	460557.873304746	0.002	0	0.05	0.006	-5	0.02	0.002	-30	0.01	reduced	rep94
1075	1	3	0.00135423125026498	-56.2257071787644	0	0.00449235287227473	-7.86553160591118	0	0.00422282723612338	-1.40176846246895	0.0511229941840171	457657.816817858	0.002	0	0.05	0.006	-5	0.02	0.002	-30	0.01	full	rep95
205	1	3	0.0020148611405299	-33.6061963815171	0.0228986998233889	0.00646711991348394	-4.75715908011936	0.0228986998233889	0.00149144828051793	0.963206405277487	0.0228986998233889	457657.144668771	0.002	0	0.05	0.006	-5	0.02	0.002	-30	0.01	reduced	rep95
3702	1	3	0.000986404095349415	-80.0388168835531	0	0.00491249366934486	-1.68742108371189	0.0454792439256375	0.00430083028973373	-10.1496930951085	0	461046.792452632	0.002	0	0.05	0.006	-5	0.02	0.002	-30	0.01	full	rep96
2681	1	3	0.00146470640754187	0.852787929881097	0.0235110908638046	0.00255202916325704	-23.046210653629	0.0235110908638046	0.00595197237437798	-4.36785552149904	0.0235110908638046	461045.034610311	0.002	0	0.05	0.006	-5	0.02	0.002	-30	0.01	reduced	rep96
4848	1	3	0.0084495510703931	-3498.65617798795	0.070808188299505	0.00399167785646052	-14.0454358441641	0	0.00572859449462327	-2.08264212953113	0.0416560410211409	461096.645114905	0.002	0	0.05	0.006	-5	0.02	0.002	-30	0.01	full	rep97
2367	1	3	0.00648388062537474	-3.46019349383712	0.0253882104789723	0.00299348366648377	-23.7633782476813	0.0253882104789723	0.000618752883162096	2.62170720567247	0.0253882104789723	461097.759308306	0.002	0	0.05	0.006	-5	0.02	0.002	-30	0.01	reduced	rep97
5793	1	3	0.00292629586879704	-0.394688054678425	0	0.0060956376031183	-7.10188371932836	0.0427785382029027	0.00105902213969119	-85.0480462429332	0	458587.497606486	0.002	0	0.05	0.006	-5	0.02	0.002	-30	0.01	full	rep98
1720	1	3	0.00566589516466925	-7.40961866919094	0.0271450847827187	0.00104875653059573	-82.2078898632653	0.0271450847827187	0.00335337921855195	-0.787383766718324	0.0271450847827187	458587.39402386	0.002	0	0.05	0.006	-5	0.02	0.002	-30	0.01	reduced	rep98
2483	1	3	0.00325739256304195	-1.0067381515215	0.0633477145895485	0.0015118595600836	-47.109738174031	0	0.00538816297359133	-6.45082501861814	0.00418787960848946	462683.698132314	0.002	0	0.05	0.006	-5	0.02	0.002	-30	0.01	full	rep99
533	1	3	0.00144411956967188	1.02471233669232	0.0240484271047321	0.00180282503338781	-39.7061098327803	0.0240484271047321	0.00689642332999305	-5.01019690935839	0.0240484271047321	462683.681236178	0.002	0	0.05	0.006	-5	0.02	0.002	-30	0.01	reduced	rep99
1961	1	3	0.0040727276980085	-12.4375843270211	0	0.00543090416460165	-1.97404044589683	0.0436179715278378	0.00135817333882436	-275.354230335831	0.00129768541069325	458612.275012667	0.002	0	0.05	0.006	-5	0.02	0.002	-30	0.01	full	rep100
1241	1	3	0.00627680186061641	-3.63790537629168	0.0246156987674231	0.000787726589274708	2.07568870979454	0.0246156987674231	0.00294795064843138	-22.5877051474258	0.0246156987674231	458610.280153254	0.002	0	0.05	0.006	-5	0.02	0.002	-30	0.01	reduced	rep100
