run	imp	exit_code	theta_1	gamma_1	e_1	theta_2	gamma_2	e_2	theta_3	gamma_3	e_3	lnL	sim_theta_1	sim_gamma_1	sim_e_1	sim_theta_2	sim_gamma_2	sim_e_2	sim_theta_3	sim_gamma_3	sim_e_3	model	rep
4218	1	3	0.00633199272380316	-5.54665234921297	0.0353558793432974	0.00170617814853518	-44.315629264706	0.0220671101660291	0.00210841863795025	0.13695710413548	0	1086330.65008948	0.002	0	0.05	0.006	-5	0.02	0.002	-30	0.01	full	rep1
3959	1	3	0.00656001955750626	-3.12382502917571	0	0.000304540564587127	100	0	0.00280290568710088	-20.9391398946019	0	1086285.72487318	0.002	0	0.05	0.006	-5	0.02	0.002	-30	0.01	reduced	rep1
3063	1	3	0.00486359270250113	-6.58204907787028	0	0.0036125728841611	-1.18017312329076	0.06295375943571	0.0017372254306469	-43.6354685014859	0	1087710.64544781	0.002	0	0.05	0.006	-5	0.02	0.002	-30	0.01	full	rep2
2697	1	3	0.00635391897284378	-3.02105077876786	0	0.000301145306544619	100	0	0.00308843121713835	-19.916981512501	0	1087689.82394005	0.002	0	0.05	0.006	-5	0.02	0.002	-30	0.01	reduced	rep2
245	1	3	0.00143725091823585	-70.4719273991815	0.000531226962842157	0.00597970199780061	-6.23197471672328	0	0.00288425322406816	-0.810805909250446	0.0791509093789573	1089435.92996929	0.002	0	0.05	0.006	-5	0.02	0.002	-30	0.01	full	rep3
3526	1	3	0.00291059622915295	-16.8823649129807	0	0.000308337303679035	100	0	0.00637675542619642	-3.14678256415192	0	1089410.8961157	0.002	0	0.05	0.006	-5	0.02	0.002	-30	0.01	reduced	rep3
1008	1	3	0.00170274816614746	-184.693185735706	0	0.00425462788191588	-10.17110843719	0	0.00497158637564311	-1.76233408859601	0.0476309299491129	1078734.79218256	0.002	0	0.05	0.006	-5	0.02	0.002	-30	0.01	full	rep4
818	1	3	0.00312219984962379	-20.1588340530054	0	0.0062677034028978	-2.9917264464144	0	0.000302045981515847	100	0	1078706.81736866	0.002	0	0.05	0.006	-5	0.02	0.002	-30	0.01	reduced	rep4
2417	1	3	0.000428930759366572	2.70889260795915	0.470210127948649	0.00299830541437974	-19.0068021018701	0	0.00646809194131074	-3.16681101708292	0.00560196484537941	1083061.46245748	0.002	0	0.05	0.006	-5	0.02	0.002	-30	0.01	full	rep5
3305	1	3	0.00289964902685061	-20.7407565966228	0	0.000310909602534961	100	0	0.00648918176941482	-3.15177925866632	0	1083036.6222106	0.002	0	0.05	0.006	-5	0.02	0.002	-30	0.01	reduced	rep5
1858	1	3	0.0024855367537062	-26.7350160700382	0.0563678691989262	0.00696969502632396	-3.60379102632996	0	0.000496498358176133	5.16531106296456	0.256984741989491	1083004.19589498	0.002	0	0.05	0.006	-5	0.02	0.002	-30	0.01	full	rep6
1614	1	3	0.00030450054221067	100	0	0.00677180286529193	-3.20389805314223	0	0.00259754621914812	-24.3443402800931	0	1082966.27210024	0.002	0	0.05	0.006	-5	0.02	0.002	-30	0.01	reduced	rep6
3719	1	3	0.00654360596261788	-3.18704568488421	0	0.00305435638321247	-20.7292088910576	0.0755984309256646	0.000329508919449293	15.6849560570748	0	1087126.23682157	0.002	0	0.05	0.006	-5	0.02	0.002	-30	0.01	full	rep7
3959	1	3	0.00278724831990932	-21.5000427488565	0	0.000311056017010519	100	0	0.00661564936318395	-3.19100218228143	0	1087103.57800797	0.002	0	0.05	0.006	-5	0.02	0.002	-30	0.01	reduced	rep7
4013	1	3	0.0043621384155513	-9.43240659195759	0	0.00209002195456405	-160.877597261348	0.0214418469563751	0.00477053384941924	-1.69813663610494	0.0480696847837529	1083044.44737306	0.002	0	0.05	0.006	-5	0.02	0.002	-30	0.01	full	rep8
2195	1	3	0.00312480678356571	-21.4940548809682	0	0.000302367384402996	100	0	0.00638747548618799	-3.06725706968294	0	1083004.70134779	0.002	0	0.05	0.006	-5	0.02	0.002	-30	0.01	reduced	rep8
3960	1	3	0.00648737462341845	-3.33706860623253	0	0.000421787898017272	8.89769161389911	0	0.00292177981456266	-19.7829501587628	0.0842290694101804	1082832.69496734	0.002	0	0.05	0.006	-5	0.02	0.002	-30	0.01	full	rep9
76	1	3	0.000294350103134811	100	0	0.00301715551628614	-17.5637985564168	0	0.00624412359070669	-2.97298664756709	0	1082799.09207248	0.002	0	0.05	0.006	-5	0.02	0.002	-30	0.01	reduced	rep9
2934	1	3	0.00460904773115264	-8.81902903583769	0	0.00446814727138387	-1.55269276307301	0.0472977444039843	0.00230812565999907	-191.87273223868	0.0612772017789688	1079218.26324145	0.002	0	0.05	0.006	-5	0.02	0.002	-30	0.01	full	rep10
4180	1	3	0.00302366576098043	-20.513941416227	0	0.00637849499607242	-3.06145349908978	0	0.000297011051975955	100	0	1079166.49046358	0.002	0	0.05	0.006	-5	0.02	0.002	-30	0.01	reduced	rep10
4535	1	3	0.00166375545142743	-43.8005779678753	0.040953874371999	0.00227150559309111	0.142676024843392	0.00271386452460415	0.00625617221326326	-5.9897855606759	0.0296151613048321	1087094.70732929	0.002	0	0.05	0.006	-5	0.02	0.002	-30	0.01	full	rep11
2622	1	3	0.000285589054151278	100	0	0.00608078230997794	-2.86312510922296	0	0.0033105112703716	-17.3576839506913	0	1087049.28707333	0.002	0	0.05	0.006	-5	0.02	0.002	-30	0.01	reduced	rep11
3116	1	3	0.00650787901046108	-5.41447236565538	0.0331622198837637	0.00191456407459377	0.294360391336204	0.00663004292835603	0.00164477454377904	-42.2256961762379	0.00351135711590968	1081639.40581336	0.002	0	0.05	0.006	-5	0.02	0.002	-30	0.01	full	rep12
4226	1	3	0.00291248469377178	-18.6543896027018	0	0.000297997397821782	100	0	0.00638414412824525	-3.08147423939193	0	1081607.926401	0.002	0	0.05	0.006	-5	0.02	0.002	-30	0.01	reduced	rep12
3754	1	3	0.00628195218997357	-5.29569593561061	0.033527030554751	0.00194384909235065	-43.7688975138	0.01137786443618	0.00199681922689649	0.18847491262482	0.00522929304027434	1083990.23662963	0.002	0	0.05	0.006	-5	0.02	0.002	-30	0.01	full	rep13
2496	1	3	0.00289040408981103	-22.3727057510694	0	0.00655507860922348	-3.09876856594917	0	0.000296980439799047	100	0	1083955.13852619	0.002	0	0.05	0.006	-5	0.02	0.002	-30	0.01	reduced	rep13
1264	1	3	0.000339163552689302	13.7703270681596	0.0305297696090561	0.00311806086444036	-21.1752350934122	0.0769067995324184	0.0065263395151867	-3.205218138273	0	1086098.67170253	0.002	0	0.05	0.006	-5	0.02	0.002	-30	0.01	full	rep14
1211	1	3	0.000312876251947038	100	0	0.0065578079158579	-3.18093753549359	0	0.00285564432526285	-21.1953626074264	0	1086068.10123871	0.002	0	0.05	0.006	-5	0.02	0.002	-30	0.01	reduced	rep14
4160	1	3	0.00165950896291342	-127.076715037959	0.0298493215345762	0.00425156578121135	-1.41428369402901	0.0511987813704487	0.00482081323591366	-8.37562114888602	0	1084885.06159757	0.002	0	0.05	0.006	-5	0.02	0.002	-30	0.01	full	rep15
1791	1	3	0.000297132326545572	100	0	0.00619270662005011	-2.94258540572033	0	0.00316282758120419	-18.1818246580249	0	1084848.57905024	0.002	0	0.05	0.006	-5	0.02	0.002	-30	0.01	reduced	rep15
3800	1	3	0.00643169639212213	-3.27431834701552	0	0.00300724491155611	-19.8293837679016	0.0908125372433768	0.000415940165495863	7.80682779666458	0	1081360.74051417	0.002	0	0.05	0.006	-5	0.02	0.002	-30	0.01	full	rep16
1976	1	3	0.00284698202893169	-19.5730225524718	0	0.00644192553898821	-3.0693023824882	0	0.000297739747757857	100	0	1081310.04523497	0.002	0	0.05	0.006	-5	0.02	0.002	-30	0.01	reduced	rep16
4542	1	3	0.00454033241517181	-1.57190592581219	0.0479505092881248	0.00488389786274265	-9.4741487887402	0.00340942382612093	0.0027106689524194	-499.035723486145	0	1086945.34028766	0.002	0	0.05	0.006	-5	0.02	0.002	-30	0.01	full	rep17
1225	1	3	0.00600261497125411	-2.90762318495672	0	0.000297819623691837	100	0	0.0033423307523051	-16.2157661736576	0	1086914.20091053	0.002	0	0.05	0.006	-5	0.02	0.002	-30	0.01	reduced	rep17
2926	1	3	0.00677123228105602	-3.69935074495782	0.0112361105088297	0.00269251429168573	-26.5218764659063	0.0635296466405878	0.000570929389915961	4.81112318594159	0.0374504560445462	1078161.91778666	0.002	0	0.05	0.006	-5	0.02	0.002	-30	0.01	full	rep18
2669	1	3	0.00634263796629483	-3.0257747065642	0	0.00030008667130405	100	0	0.00303890823574561	-20.6496119377955	0	1078120.40357312	0.002	0	0.05	0.006	-5	0.02	0.002	-30	0.01	reduced	rep18
3512	1	3	0.006672423080532	-4.78208100599629	0.0303775032685173	0.00210390436609166	-35.2986082556698	0.0328336525185534	0.00142345386531446	1.01583576416782	0	1088454.56196408	0.002	0	0.05	0.006	-5	0.02	0.002	-30	0.01	full	rep19
2494	1	3	0.00655465147694149	-3.15589770533413	0	0.00291239485728554	-21.7793067014818	0	0.000312743607161489	100	0	1088410.97523874	0.002	0	0.05	0.006	-5	0.02	0.002	-30	0.01	reduced	rep19
4201	1	3	0.00204742608436297	0.193134426012784	0.00302051307504731	0.00635924578721841	-5.51741545440116	0.0353512346036991	0.00173862474359857	-39.8821858769302	0.003017653935036	1087793.53635793	0.002	0	0.05	0.006	-5	0.02	0.002	-30	0.01	full	rep20
1031	1	3	0.00302544676102141	-19.3789682561279	0	0.00638422390915456	-3.05239638757442	0	0.000299134217215015	100	0	1087763.66097883	0.002	0	0.05	0.006	-5	0.02	0.002	-30	0.01	reduced	rep20
4648	1	3	0.00142957127357883	0.291103900640017	0.107180536796814	0.00256718937964452	-21.6279751911649	0	0.00588469460234067	-4.05681438360277	0.0131801002012483	1079111.2217844	0.002	0	0.05	0.006	-5	0.02	0.002	-30	0.01	full	rep21
1388	1	3	0.000304381687749072	100	0	0.00307373835722262	-19.1224558193599	0	0.00626066744324984	-3.01768091525621	0	1079091.62187797	0.002	0	0.05	0.006	-5	0.02	0.002	-30	0.01	reduced	rep21
3702	1	3	0.00464633271257888	-1.63483367937112	0.0502411355124927	0.00426229166786798	-8.52733867597283	0	0.00180864345406621	-97.323478599783	0	1085951.18514441	0.002	0	0.05	0.006	-5	0.02	0.002	-30	0.01	full	rep22
1688	1	3	0.00300262966115068	-22.4516878098638	0	0.000301610778794178	100	0	0.00649127018305019	-3.06083937049473	0	1085924.0240034	0.002	0	0.05	0.006	-5	0.02	0.002	-30	0.01	reduced	rep22
2194	1	3	0.00300901657826507	-20.3796747220892	0	0.00665521461691718	-2.95206692819	0.0348424848528865	0.00023779342220215	4.85268785439649	0	1082068.61740624	0.002	0	0.05	0.006	-5	0.02	0.002	-30	0.01	full	rep23
1928	1	3	0.00277188289851016	-23.6750139640631	0	0.000304666900089039	100	0	0.00665764130417159	-3.17454114382973	0	1082041.15145164	0.002	0	0.05	0.006	-5	0.02	0.002	-30	0.01	reduced	rep23
3899	1	3	0.00192792592468572	-30.6310300489161	0.0303143609862426	0.00137111332285801	1.16911177655699	0	0.00668482393676905	-4.77790633321208	0.0303457572098326	1083085.86976221	0.002	0	0.05	0.006	-5	0.02	0.002	-30	0.01	full	rep24
4835	1	3	0.00632772230900367	-3.07131388638287	0	0.00296322621939796	-18.520489689866	0	0.000311924915489718	100	0	1083047.90707767	0.002	0	0.05	0.006	-5	0.02	0.002	-30	0.01	reduced	rep24
4901	1	3	0.00631671066367068	-3.13871156606369	0	0.000383126554209629	9.98083317114403	0	0.00323896439274652	-20.2360810689064	0.0790304185474022	1083213.71749649	0.002	0	0.05	0.006	-5	0.02	0.002	-30	0.01	full	rep25
1264	1	3	0.00307420631707649	-20.1695011327267	0	0.000301424759858751	100	0	0.00631885399215944	-2.98637458569277	0	1083178.12305818	0.002	0	0.05	0.006	-5	0.02	0.002	-30	0.01	reduced	rep25
1164	1	3	0.00172127299910582	0.696916536711984	0.00286821383883751	0.00206931857061463	-31.1569947499245	0.0388759924625824	0.00627919703560931	-5.12191135679219	0.0274435426936156	1080214.68051552	0.002	0	0.05	0.006	-5	0.02	0.002	-30	0.01	full	rep26
1767	1	3	0.00610062173580171	-2.90895958445857	0	0.000292122868417111	100	0	0.00328448240928317	-18.2808466527348	0	1080172.61442118	0.002	0	0.05	0.006	-5	0.02	0.002	-30	0.01	reduced	rep26
1164	1	3	0.00155554940378838	0.451320127686667	0.00830425361727765	0.00211893762284752	-24.8730513021696	0	0.00622552429263658	-4.58675029237504	0.0375025735779271	1081332.38999175	0.002	0	0.05	0.006	-5	0.02	0.002	-30	0.01	full	rep27
3818	1	3	0.000313426025033922	100	0	0.00649016043708303	-3.17134457453285	0	0.00281908065305391	-19.9327827538615	0	1081301.09960681	0.002	0	0.05	0.006	-5	0.02	0.002	-30	0.01	reduced	rep27
3781	1	3	0.00629930695867646	-3.0808872967754	0	0.00335782240552695	-20.3198624540834	0.0729829076996973	0.00034347334664767	12.5370741369884	0	1084186.05128586	0.002	0	0.05	0.006	-5	0.02	0.002	-30	0.01	full	rep28
1201	1	3	0.00636115416227706	-3.0423344786049	0	0.000304290219480435	100	0	0.00310606857033385	-20.8288784544483	0	1084153.26495845	0.002	0	0.05	0.006	-5	0.02	0.002	-30	0.01	reduced	rep28
509	1	3	0.00166763902200526	-39.5296634091055	0	0.00444608976409243	-6.98385512691353	0	0.00398202402458056	-1.40183412638039	0.0600362508407994	1080277.37536507	0.002	0	0.05	0.006	-5	0.02	0.002	-30	0.01	full	rep29
3477	1	3	0.000310147454399519	100	0	0.00639387906052734	-3.0943868708331	0	0.00299330252331087	-20.6523341470207	0	1080247.35517134	0.002	0	0.05	0.006	-5	0.02	0.002	-30	0.01	reduced	rep29
4990	1	3	0.00647575149578064	-3.97486177929882	0.0227925581016354	0.0009465871873474	1.89018432678655	0.00399670845643689	0.00233018850909941	-20.5947256133174	0.0482991265678224	1082433.78166991	0.002	0	0.05	0.006	-5	0.02	0.002	-30	0.01	full	rep30
262	1	3	0.00642139212657358	-3.06645366318569	0	0.000302504317334892	100	0	0.00276245369797897	-18.1248566006284	0	1082388.22943549	0.002	0	0.05	0.006	-5	0.02	0.002	-30	0.01	reduced	rep30
1219	1	3	0.0046322505862085	-1.62361316764709	0.0500589364277003	0.00416790095272115	-491.734868026911	0.0207256512627666	0.00460748686252639	-8.98386462469912	0	1090109.26578604	0.002	0	0.05	0.006	-5	0.02	0.002	-30	0.01	full	rep31
1999	1	3	0.00299114058195563	-19.3404281612205	0	0.000305022932214478	100	0	0.0064024106721326	-3.05487897431994	0	1090071.79470577	0.002	0	0.05	0.006	-5	0.02	0.002	-30	0.01	reduced	rep31
3356	1	3	0.00650958334551847	-4.19079757669966	0.0253682075494289	0.00220395345307453	-27.2364537504801	0.0231308104144275	0.00116225491621465	1.13791207748839	0.0275852067972188	1076896.86270484	0.002	0	0.05	0.006	-5	0.02	0.002	-30	0.01	full	rep32
633	1	3	0.00657332122813213	-3.12246438591354	0	0.000299719351920951	100	0	0.00271663545739753	-21.8997521046705	0	1076863.69863144	0.002	0	0.05	0.006	-5	0.02	0.002	-30	0.01	reduced	rep32
4984	1	3	0.00167662502171555	0.0981648152978136	0.13182041828052	0.00197727815705613	-25.8073060238181	0	0.00622051412429969	-4.59177994218379	0	1083743.56648597	0.002	0	0.05	0.006	-5	0.02	0.002	-30	0.01	full	rep33
2939	1	3	0.000301217496161423	100	0	0.00303735046218445	-16.8605915993935	0	0.0062164916578218	-3.01554980379956	0	1083726.25040264	0.002	0	0.05	0.006	-5	0.02	0.002	-30	0.01	reduced	rep33
4784	1	3	0.000405661999251177	11.4350043874891	0	0.00272468336790583	-26.2285677040151	0.0918248870858891	0.00680736726980047	-3.45439607648756	0	1077719.07862757	0.002	0	0.05	0.006	-5	0.02	0.002	-30	0.01	full	rep34
4928	1	3	0.00652245076851648	-3.09868175631654	0	0.00279073376032592	-21.5064660681812	0	0.000299091916968316	100	0	1077688.77438921	0.002	0	0.05	0.006	-5	0.02	0.002	-30	0.01	reduced	rep34
631	1	3	0.00398734536435153	-1.42031788214094	0.0586843717211615	0.00151094533007723	-62.8552192999045	0	0.00476049223378357	-7.11659808046284	0	1085320.38748415	0.002	0	0.05	0.006	-5	0.02	0.002	-30	0.01	full	rep35
2123	1	3	0.00276215897936669	-20.7385396510256	0	0.00658753187157576	-3.1656276809933	0	0.000305060480821757	100	0	1085290.40841574	0.002	0	0.05	0.006	-5	0.02	0.002	-30	0.01	reduced	rep35
3327	1	3	0.0022093780070518	-36.7369188575087	0.0167061265304267	0.00113512756711911	1.41824271654936	0.00629540769742918	0.00674354782812358	-4.33004895735605	0.0298103432077939	1076540.31273101	0.002	0	0.05	0.006	-5	0.02	0.002	-30	0.01	full	rep36
3835	1	3	0.00657441712171693	-3.11371657743564	0	0.000304150219724438	100	0	0.00279565041827963	-23.6568781225045	0	1076510.00230089	0.002	0	0.05	0.006	-5	0.02	0.002	-30	0.01	reduced	rep36
2387	1	3	0.0046837213714957	-7.54897307004551	0	0.001553374877196	-80.9688660963512	0.00793655277798371	0.00411003745118181	-1.45186525346739	0.0554195025041484	1076355.97781769	0.002	0	0.05	0.006	-5	0.02	0.002	-30	0.01	full	rep37
3690	1	3	0.000301359571193716	100	0	0.00281490629374653	-20.4761442773879	0	0.00647583129406738	-3.12221969370978	0	1076322.6739679	0.002	0	0.05	0.006	-5	0.02	0.002	-30	0.01	reduced	rep37
2109	1	3	0.00285988561746434	-24.4044386908752	0.024091934416386	0.000871835411445654	1.77092837917986	0	0.00632283964297478	-3.66849605659297	0.0298159344429017	1082123.11574151	0.002	0	0.05	0.006	-5	0.02	0.002	-30	0.01	full	rep38
4824	1	3	0.00307506482834905	-22.7936291240801	0	0.00641283615975777	-3.01296120996125	0	0.00030396868696708	100	0	1082083.16870364	0.002	0	0.05	0.006	-5	0.02	0.002	-30	0.01	reduced	rep38
1117	1	3	0.00413828156880554	-8.07250704619964	0	0.00139835802059272	-41.2817807106193	0.006441163741457	0.00453916919651378	-1.62819039096179	0.0505522299247815	1085098.3864319	0.002	0	0.05	0.006	-5	0.02	0.002	-30	0.01	full	rep39
2309	1	3	0.00639590254616582	-3.05621081604024	0	0.00300688249638361	-19.8753305523066	0	0.000298947126231074	100	0	1085063.46003018	0.002	0	0.05	0.006	-5	0.02	0.002	-30	0.01	reduced	rep39
1433	1	3	0.00437376765239413	-1.49405495785561	0.0500087759222597	0.00345442056995354	-500	0.111048170894773	0.00491071216315162	-8.76853187286983	0	1087103.71076674	0.002	0	0.05	0.006	-5	0.02	0.002	-30	0.01	full	rep40
267	1	3	0.00630557423153543	-3.05675300750406	0	0.00297659299649128	-17.5506023857192	0	0.000309131662648804	100	0	1087046.64506667	0.002	0	0.05	0.006	-5	0.02	0.002	-30	0.01	reduced	rep40
4144	1	3	0.0031262657704713	-22.5406152932861	0.0534212317093986	0.00657530414929056	-3.16305823011884	0.00886193967037726	0.000320238632761593	12.0152979646212	0	1083056.83683802	0.002	0	0.05	0.006	-5	0.02	0.002	-30	0.01	full	rep41
946	1	3	0.006447690890921	-3.06991649765138	0	0.000297908167225252	100	0	0.00304093432796518	-21.8255660266048	0	1083034.98795977	0.002	0	0.05	0.006	-5	0.02	0.002	-30	0.01	reduced	rep41
2052	1	3	0.00463350577681186	-6.16046746484477	0	0.00202932485758426	-34.2548457110259	0	0.00351362206206238	-1.19601722931689	0.0653304062880844	1084051.49787794	0.002	0	0.05	0.006	-5	0.02	0.002	-30	0.01	full	rep42
941	1	3	0.00313588174183264	-21.1814807253883	0	0.000301223646607564	100	0	0.00637836582490571	-3.06227541957145	0	1084022.93609024	0.002	0	0.05	0.006	-5	0.02	0.002	-30	0.01	reduced	rep42
3462	1	3	0.000442711219527974	10.850034743742	0	0.00288765648661314	-32.1865694259103	0.0992556651140275	0.00696609030138581	-3.54198953185767	0	1092177.37727354	0.002	0	0.05	0.006	-5	0.02	0.002	-30	0.01	full	rep43
1342	1	3	0.000309621055847018	100	0	0.00291094111958846	-25.1264068930188	0	0.00667086166767427	-3.12355544294623	0	1092138.08402599	0.002	0	0.05	0.006	-5	0.02	0.002	-30	0.01	reduced	rep43
3106	1	3	0.00566792949478116	-5.05907881091684	0	0.00191612074903092	-28.3496271650067	0	0.0023386329638486	-0.50240172699988	0.0970531123687688	1083620.24740539	0.002	0	0.05	0.006	-5	0.02	0.002	-30	0.01	full	rep44
3531	1	3	0.00298107583389438	-18.1929825281562	0	0.000304794988857512	100	0	0.00630875635246348	-3.04129469106591	0	1083599.3107139	0.002	0	0.05	0.006	-5	0.02	0.002	-30	0.01	reduced	rep44
4704	1	3	0.00202330478367915	-22.4889162397368	0	0.00418609449939946	-1.51492610867304	0.0566182379627856	0.0036785022495004	-6.66296992262864	0	1083935.00179863	0.002	0	0.05	0.006	-5	0.02	0.002	-30	0.01	full	rep45
2	1	3	0.000303315827752686	100	0	0.00627532464826649	-3.02197960255323	0	0.00308340319275137	-18.6741806764856	0	1083905.73972165	0.002	0	0.05	0.006	-5	0.02	0.002	-30	0.01	reduced	rep45
2803	1	3	0.000374658425709099	3.62356249315654	0.131117682750063	0.00645566940856447	-3.05823868182732	0.0270863614489815	0.00320271882484249	-20.646983374434	0	1086060.88612883	0.002	0	0.05	0.006	-5	0.02	0.002	-30	0.01	full	rep46
4111	1	3	0.00635626829751438	-3.0014886982004	0	0.00317739889333026	-21.4626274325883	0	0.000298645665837313	100	0	1086036.49035102	0.002	0	0.05	0.006	-5	0.02	0.002	-30	0.01	reduced	rep46
843	1	3	0.00132727093492936	1.09859363771143	0.00743180340032012	0.00661703505199671	-4.54988102458333	0.0297792261884061	0.0020158740642129	-33.0911840303331	0.0170358216397021	1078087.50478465	0.002	0	0.05	0.006	-5	0.02	0.002	-30	0.01	full	rep47
1779	1	3	0.000300818816764586	100	0	0.00282978044572013	-20.6578019031315	0	0.0064501700917332	-3.05444236729154	0	1078056.56433371	0.002	0	0.05	0.006	-5	0.02	0.002	-30	0.01	reduced	rep47
3198	1	3	0.00666999265755384	-3.34524794639864	0	0.000437443866692412	4.57867345445308	0.48124652255418	0.00270049560377529	-19.9374550587854	0	1084209.69084182	0.002	0	0.05	0.006	-5	0.02	0.002	-30	0.01	full	rep48
4223	1	3	0.000294265402198747	100	0	0.00293903961492042	-18.6573171513955	0	0.00635665288772595	-3.00741630077957	0	1084188.0990778	0.002	0	0.05	0.006	-5	0.02	0.002	-30	0.01	reduced	rep48
688	1	3	0.00231622464065483	-23.1999287014313	0	0.00327798762711611	-1.08518209535513	0.0703700460679441	0.00427873949428007	-5.36065320556536	0	1079131.46809957	0.002	0	0.05	0.006	-5	0.02	0.002	-30	0.01	full	rep49
530	1	3	0.000301185177165527	100	0	0.0031213610576111	-19.1584100480588	0	0.00620283032896277	-2.93733747052417	0	1079107.24875133	0.002	0	0.05	0.006	-5	0.02	0.002	-30	0.01	reduced	rep49
1362	1	3	0.00468011791049222	-8.55261828709185	0	0.0044077543231811	-1.51588874715744	0.0524274822473153	0.00185700814576229	-167.725374899962	0	1081946.61768237	0.002	0	0.05	0.006	-5	0.02	0.002	-30	0.01	full	rep50
3265	1	3	0.000300880796487588	100	0	0.00621342296150906	-2.97014549499991	0	0.00308168645576112	-18.077405665597	0	1081927.90113639	0.002	0	0.05	0.006	-5	0.02	0.002	-30	0.01	reduced	rep50
1460	1	3	0.000181958161638831	14.8818362474968	0.00393101480687521	0.00639630141643687	-2.78190360634805	0.0247242817551851	0.00323051714584167	-17.8485024999241	0.0134213496977718	1083201.80134098	0.002	0	0.05	0.006	-5	0.02	0.002	-30	0.01	full	rep51
2126	1	3	0.00644078456440261	-3.06229685456577	0	0.000298765241971001	100	0	0.00290967311769207	-20.1336262851731	0	1083184.97476557	0.002	0	0.05	0.006	-5	0.02	0.002	-30	0.01	reduced	rep51
3330	1	3	0.00277092738049358	-24.7257456818451	0.0889262292168057	0.000468612925370767	8.79315434148113	0.0129609313119093	0.00674725003762584	-3.54307207297438	0	1083970.97527596	0.002	0	0.05	0.006	-5	0.02	0.002	-30	0.01	full	rep52
1838	1	3	0.000294480921948938	100	0	0.00629674894115361	-2.96982224838367	0	0.00305947021835655	-19.1410133278267	0	1083938.56525703	0.002	0	0.05	0.006	-5	0.02	0.002	-30	0.01	reduced	rep52
3801	1	3	0.000643161157884775	4.42291178825425	0	0.00587040660800632	-3.43175003958181	0	0.00329853333441181	-15.4471262427046	0.0787835410749785	1088474.41101985	0.002	0	0.05	0.006	-5	0.02	0.002	-30	0.01	full	rep53
4370	1	3	0.0035154800402919	-14.6616350222229	0	0.00575692366681259	-2.74205884021595	0	0.000293089288755979	100	0	1088426.42232692	0.002	0	0.05	0.006	-5	0.02	0.002	-30	0.01	reduced	rep53
2375	1	3	0.00677350645041237	-3.95867075856962	0	0.00234954298906694	-25.3510884582523	0.0318867712059457	0.00081229884387576	2.32457217765018	0.208347415425677	1082281.57780718	0.002	0	0.05	0.006	-5	0.02	0.002	-30	0.01	full	rep54
4697	1	3	0.00634552529822433	-3.04216602666348	0	0.00297834241059624	-19.1667937653708	0	0.00030283643993612	100	0	1082252.68647326	0.002	0	0.05	0.006	-5	0.02	0.002	-30	0.01	reduced	rep54
1476	1	3	0.000807613140988248	1.70751943318511	0.00982499854063419	0.00678696631789676	-3.81923860889247	0.0332541250437192	0.00240575854195841	-27.6234297472331	0	1082361.73246658	0.002	0	0.05	0.006	-5	0.02	0.002	-30	0.01	full	rep55
4570	1	3	0.00673178240487295	-3.21737876288571	0	0.000306408794171936	100	0	0.00270057116035167	-24.4594898079931	0	1082332.61510953	0.002	0	0.05	0.006	-5	0.02	0.002	-30	0.01	reduced	rep55
363	1	3	0.00256502568828537	-0.292213538590283	0	0.00216169187492999	-68.2085275825265	0	0.00591818959798143	-5.89936522204945	0.041987674159625	1085598.73195842	0.002	0	0.05	0.006	-5	0.02	0.002	-30	0.01	full	rep56
3431	1	3	0.00287207242704264	-27.1877845626949	0	0.00672034382173056	-3.15892478815411	0	0.000306963935198538	100	0	1085560.32054162	0.002	0	0.05	0.006	-5	0.02	0.002	-30	0.01	reduced	rep56
3101	1	3	0.00469306023182503	-1.65076881524706	0.0495769275301253	0.000769505567454076	-31.9592092739312	0	0.00436313753337513	-9.29573192639492	0	1084684.11896974	0.002	0	0.05	0.006	-5	0.02	0.002	-30	0.01	full	rep57
4301	1	3	0.00595660861675135	-2.87173283624073	0	0.00332815124451862	-15.8356388959809	0	0.000296922662957764	100	0	1084655.80618936	0.002	0	0.05	0.006	-5	0.02	0.002	-30	0.01	reduced	rep57
4357	1	3	0.00693334539527515	-5.03413720655121	0.0337069502773616	0.0015865004183326	-51.2798500357986	0.011499334779775	0.00154532059582829	0.788513564616142	0	1084187.84893735	0.002	0	0.05	0.006	-5	0.02	0.002	-30	0.01	full	rep58
4831	1	3	0.000315040612033477	100	0	0.00671019551265553	-3.22301993722908	0	0.00248648639339142	-20.6105564687711	0	1084153.93493123	0.002	0	0.05	0.006	-5	0.02	0.002	-30	0.01	reduced	rep58
1269	1	3	0.0058772574578143	-5.76403743063599	0.0386734732431493	0.00166181705471884	-28.9471753425268	0.00196706543274831	0.00235069060996428	-0.0945562340273058	0.00411026156637999	1079486.0412028	0.002	0	0.05	0.006	-5	0.02	0.002	-30	0.01	full	rep59
4181	1	3	0.000298800837840398	100	0	0.00315022168853629	-17.3160647256871	0	0.00612341622568565	-2.951310394468	0	1079455.47128888	0.002	0	0.05	0.006	-5	0.02	0.002	-30	0.01	reduced	rep59
1923	1	3	0.0016396508696287	-470.608102464837	0.028547406149305	0.00489448017408022	-1.68909179115786	0.0480624279718719	0.00466292557211496	-10.528269227815	0	1089623.45812118	0.002	0	0.05	0.006	-5	0.02	0.002	-30	0.01	full	rep60
1964	1	3	0.00340871260977817	-15.9735398665089	0	0.000302252976305457	100	0	0.00592179568683001	-2.82757124375196	0	1089587.61115555	0.002	0	0.05	0.006	-5	0.02	0.002	-30	0.01	reduced	rep60
615	1	3	0.00641861404133073	-5.37132266893638	0.0338276731644584	0.00194062706105559	0.298661571599522	0.00394075564887422	0.00157082351136085	-32.1053431236531	0.0107560951522429	1088269.417943	0.002	0	0.05	0.006	-5	0.02	0.002	-30	0.01	full	rep61
786	1	3	0.000300012465416142	100	0	0.00630154276274977	-3.02475372174219	0	0.00296497704575366	-17.0868945703017	0	1088235.36271291	0.002	0	0.05	0.006	-5	0.02	0.002	-30	0.01	reduced	rep61
1435	1	3	0.00661925549964493	-5.14617835953572	0.0303156665499501	0.00167059518881942	0.76747195462372	0.0053688670527444	0.0019578665398064	-41.2791572924145	0.0239778206517985	1089276.72659341	0.002	0	0.05	0.006	-5	0.02	0.002	-30	0.01	full	rep62
4942	1	3	0.000307021548287406	100	0	0.0063432205991168	-3.01751829960538	0	0.00308847875759325	-19.7627073420825	0	1089240.33043834	0.002	0	0.05	0.006	-5	0.02	0.002	-30	0.01	reduced	rep62
2959	1	3	0.00657278066105866	-3.32251004976123	0	0.00312111219377612	-24.0187476179389	0.0613636136174188	0.000410665682852592	7.89377770103207	0.208897575011064	1081910.37510497	0.002	0	0.05	0.006	-5	0.02	0.002	-30	0.01	full	rep63
2865	1	3	0.00653082272135627	-3.13383671545325	0	0.00299218756600547	-23.8755147184262	0	0.000311973039399023	100	0	1081866.54810022	0.002	0	0.05	0.006	-5	0.02	0.002	-30	0.01	reduced	rep63
3064	1	3	0.00272558789614392	-21.2713323389328	0.0767883070349392	0.000546270227534904	5.43713648907223	0	0.00663006574061964	-3.65720431969691	0.00851320916745474	1081363.1017937	0.002	0	0.05	0.006	-5	0.02	0.002	-30	0.01	full	rep64
4873	1	3	0.0030731022669134	-17.824825636318	0	0.00622965213787732	-3.02078101222317	0	0.000301172487395051	100	0	1081322.88709325	0.002	0	0.05	0.006	-5	0.02	0.002	-30	0.01	reduced	rep64
4501	1	3	0.00343048093684489	-16.7947635067954	0	0.00631942693668058	-2.6071783708797	0.0370604876697328	0.000109634624388047	7.70187419215978	0.0139725713932823	1083418.51919819	0.002	0	0.05	0.006	-5	0.02	0.002	-30	0.01	full	rep65
2695	1	3	0.00656407112144406	-3.16037325382462	0	0.00284938371519002	-21.6870783077197	0	0.000305114742406884	100	0	1083385.88745025	0.002	0	0.05	0.006	-5	0.02	0.002	-30	0.01	reduced	rep65
4873	1	3	0.00632525923064436	-4.95695182205653	0.033157470453872	0.00184366049723743	0.177192071736665	0.0163653638864127	0.00189750155633002	-36.8214312560527	0	1084762.79884193	0.002	0	0.05	0.006	-5	0.02	0.002	-30	0.01	full	rep66
1623	1	3	0.00667163276376615	-3.18219577790381	0	0.00269910726011641	-22.4651432352518	0	0.00030674972047203	100	0	1084731.33433444	0.002	0	0.05	0.006	-5	0.02	0.002	-30	0.01	reduced	rep66
3610	1	3	0.00469128819472355	-1.59595152156453	0.0485375307537656	0.002132119930636	-458.834523195587	0	0.00472084339043754	-9.85918818597451	0.00524325742439074	1083921.925336	0.002	0	0.05	0.006	-5	0.02	0.002	-30	0.01	full	rep67
3012	1	3	0.00321840927593925	-16.7386315141144	0	0.00603384671589913	-2.9153743632342	0	0.000316261898264106	100	0	1083884.48727546	0.002	0	0.05	0.006	-5	0.02	0.002	-30	0.01	reduced	rep67
3949	1	3	0.00118451203617316	-71.8113409797143	0.0283748413049437	0.00487555845544977	-1.80112244648682	0.0482043235541856	0.00410811556514447	-8.71953509683619	0	1084955.43436209	0.002	0	0.05	0.006	-5	0.02	0.002	-30	0.01	full	rep68
2332	1	3	0.00260382527853993	-21.5823422633414	0	0.000308727832134549	100	0	0.00670646218720188	-3.22195704582583	0	1084911.99627292	0.002	0	0.05	0.006	-5	0.02	0.002	-30	0.01	reduced	rep68
4902	1	3	0.0061932022368746	-5.06743195578743	0.0342582785086778	0.00176007202051757	0.476626997057813	0.00315066784337484	0.0018527107447541	-23.0603296011677	0.0247283553261873	1080984.50342248	0.002	0	0.05	0.006	-5	0.02	0.002	-30	0.01	full	rep69
4400	1	3	0.000314809622222078	100	0	0.00622825964265381	-3.07276569255928	0	0.00297951731884013	-16.8913674555664	0	1080942.69227682	0.002	0	0.05	0.006	-5	0.02	0.002	-30	0.01	reduced	rep69
1631	1	3	0.000636736000777464	3.28808653116529	0.0817657536573216	0.00242075859975807	-26.912388616571	0.0174548687878161	0.00692316226129883	-3.76629587954892	0.020830044059171	1083614.44223494	0.002	0	0.05	0.006	-5	0.02	0.002	-30	0.01	full	rep70
1939	1	3	0.000311984438081346	100	0	0.0028752567106383	-21.1357921128378	0	0.00648305545176502	-3.09531676327794	0	1083590.83188582	0.002	0	0.05	0.006	-5	0.02	0.002	-30	0.01	reduced	rep70
776	1	3	0.00596127402878839	-3.77505949403777	0	0.00258365363522845	-20.9971280260517	0	0.00129027340789163	0.154621104085013	0.176097218110178	1081138.05524142	0.002	0	0.05	0.006	-5	0.02	0.002	-30	0.01	full	rep71
1352	1	3	0.000300407324806428	100	0	0.00291163874353838	-19.5985128632343	0	0.00639785737477538	-3.05506589979159	0	1081115.28743137	0.002	0	0.05	0.006	-5	0.02	0.002	-30	0.01	reduced	rep71
3076	1	3	0.00705791362469459	-4.95185256370549	0.0301206510873806	0.00187817264660495	-50.543220642302	0.0110889936104018	0.00130535046508219	1.39207149120325	0.0050159054134699	1079553.61800913	0.002	0	0.05	0.006	-5	0.02	0.002	-30	0.01	full	rep72
2767	1	3	0.00294529030841733	-19.0780026727875	0	0.000311315594421767	100	0	0.00635057622126196	-3.09828948150546	0	1079523.6713151	0.002	0	0.05	0.006	-5	0.02	0.002	-30	0.01	reduced	rep72
1237	1	3	0.00251211381093874	-0.0823917962065834	0.00263420503981397	0.0064443652153103	-6.60821290720362	0.0340830822052768	0.00121362072048586	-73.2310306171555	0.0124957337140216	1083960.8638091	0.002	0	0.05	0.006	-5	0.02	0.002	-30	0.01	full	rep73
1577	1	3	0.00591570954314862	-2.84089844550258	0	0.000288972124020787	100	0	0.00331491724231868	-15.067404311762	0	1083924.15197895	0.002	0	0.05	0.006	-5	0.02	0.002	-30	0.01	reduced	rep73
623	1	3	0.00660278720509081	-3.38500278363273	0	0.00308768565774586	-25.2391840390932	0.0847295671589191	0.000423849074917914	9.65159830653197	0.00474341168689923	1081556.83121426	0.002	0	0.05	0.006	-5	0.02	0.002	-30	0.01	full	rep74
4166	1	3	0.00310463697557412	-22.430758399665	0	0.00641274430314178	-3.03560840319906	0	0.000297161628500189	100	0	1081522.96878723	0.002	0	0.05	0.006	-5	0.02	0.002	-30	0.01	reduced	rep74
4746	1	3	0.00515671125895514	-4.57958531022293	0	0.00235669592799276	-0.69548658785499	0.0999079617642293	0.00237255141036849	-22.7429449334925	0	1081357.38723232	0.002	0	0.05	0.006	-5	0.02	0.002	-30	0.01	full	rep75
2568	1	3	0.00294391116037835	-19.6590024954293	0	0.000308209014234031	100	0	0.00638408424876381	-3.08165402284985	0	1081330.40811374	0.002	0	0.05	0.006	-5	0.02	0.002	-30	0.01	reduced	rep75
3598	1	3	0.00575504295391237	-5.75790812375632	0.0421615111495241	0.00183380672071847	-32.9479243871899	0	0.00246590265408723	-0.278367085827538	0	1081251.21034003	0.002	0	0.05	0.006	-5	0.02	0.002	-30	0.01	full	rep76
4132	1	3	0.00640458992985923	-3.08320440920849	0	0.000298183853702024	100	0	0.00301177924991295	-20.4236167657669	0	1081216.63894911	0.002	0	0.05	0.006	-5	0.02	0.002	-30	0.01	reduced	rep76
4925	1	3	0.00175803627379672	-49.2763418015854	0	0.0060428601222649	-5.91276939449864	0.0358292528706676	0.00242721557264711	-0.0721328772244708	0.00400296132716259	1085430.10485145	0.002	0	0.05	0.006	-5	0.02	0.002	-30	0.01	full	rep77
3910	1	3	0.00028838543173846	100	0	0.00625999308605391	-2.90149301736518	0	0.00313033766102702	-19.4042113718135	0	1085399.5114387	0.002	0	0.05	0.006	-5	0.02	0.002	-30	0.01	reduced	rep77
3416	1	3	0.000358338514008538	13.3812618543673	0	0.00320180356325899	-21.7706867955132	0.0754096871820556	0.00645944997596735	-3.21257969563989	0	1083608.09264148	0.002	0	0.05	0.006	-5	0.02	0.002	-30	0.01	full	rep78
2724	1	3	0.00304345397637099	-21.2606199368965	0	0.00642149024192914	-3.09853548127289	0	0.00030916051018902	100	0	1083583.46600706	0.002	0	0.05	0.006	-5	0.02	0.002	-30	0.01	reduced	rep78
4125	1	3	0.00330535166983838	-18.2112681591632	0.076884923622217	0.00621870491272546	-3.07416056902738	0	0.000367672313706381	9.40558382550815	0	1086178.57046584	0.002	0	0.05	0.006	-5	0.02	0.002	-30	0.01	full	rep79
2140	1	3	0.00633166892864266	-3.00669042976408	0	0.00303451882141411	-19.0503323201484	0	0.000298364354397581	100	0	1086143.0586217	0.002	0	0.05	0.006	-5	0.02	0.002	-30	0.01	reduced	rep79
2331	1	3	0.00269668442505291	-23.3952064066306	0	0.00175034487487155	-0.313280226145187	0.126123090345602	0.00551740406503593	-4.03747068691155	0	1077587.94852962	0.002	0	0.05	0.006	-5	0.02	0.002	-30	0.01	full	rep80
1776	1	3	0.00308313408251825	-21.1616507516781	0	0.000291303723306819	100	0	0.00635555284832573	-3.02149621792203	0	1077564.73426986	0.002	0	0.05	0.006	-5	0.02	0.002	-30	0.01	reduced	rep80
4794	1	3	0.00611989385356644	-5.10726493335611	0.0351624448147555	0.00195177428269246	0.206099037545087	0	0.00191901540767698	-38.1641003957256	0	1073142.21928432	0.002	0	0.05	0.006	-5	0.02	0.002	-30	0.01	full	rep81
3679	1	3	0.00640134785431865	-2.97789095381799	0	0.00027904519061572	100	0	0.00290546633567372	-21.0521166433897	0	1073114.19333899	0.002	0	0.05	0.006	-5	0.02	0.002	-30	0.01	reduced	rep81
1807	1	3	0.00463368795293994	-471.54579358704	0.0444448056752724	0.00428072683847107	-1.40936473201235	0.0512006647282029	0.00487319380009936	-8.61264233541925	0	1084981.1419624	0.002	0	0.05	0.006	-5	0.02	0.002	-30	0.01	full	rep82
1352	1	3	0.00318441306418505	-18.8007244812067	0	0.000302488373661487	100	0	0.00620396181460883	-2.95314082796935	0	1084936.41940752	0.002	0	0.05	0.006	-5	0.02	0.002	-30	0.01	reduced	rep82
2959	1	3	0.00215571181429429	-143.104499650908	0.00811895526450544	0.0049245538967144	-1.76332233566922	0.0470355939024439	0.00407060344879516	-9.26183192895385	0	1083017.60827644	0.002	0	0.05	0.006	-5	0.02	0.002	-30	0.01	full	rep83
1443	1	3	0.00296397663840268	-24.3201679452982	0	0.000300340124320294	100	0	0.00657354287739278	-3.10600263480677	0	1082983.42836183	0.002	0	0.05	0.006	-5	0.02	0.002	-30	0.01	reduced	rep83
3373	1	3	0.000912535092811387	1.21608077009795	0.00523388951133082	0.00632017506913652	-3.66259428769857	0.0360771186726487	0.00273445395976259	-22.2139551345271	0	1084920.94205915	0.002	0	0.05	0.006	-5	0.02	0.002	-30	0.01	full	rep84
4336	1	3	0.00650490440472355	-3.08924249904581	0	0.00294309592476535	-21.7351473114064	0	0.000300555794838542	100	0	1084892.17583785	0.002	0	0.05	0.006	-5	0.02	0.002	-30	0.01	reduced	rep84
460	1	3	0.00360743025256745	-8.45739211016994	0	0.00160529644861763	-49.2227283481621	0	0.00499614160082209	-1.84611407539564	0.0486850326911364	1082663.7661243	0.002	0	0.05	0.006	-5	0.02	0.002	-30	0.01	full	rep85
3718	1	3	0.00666709087576145	-3.17186182286335	0	0.000306412773554482	100	0	0.0028086237737095	-24.611462295163	0	1082631.92923648	0.002	0	0.05	0.006	-5	0.02	0.002	-30	0.01	reduced	rep85
691	1	3	0.00666441272285557	-5.56029676361617	0.0358767398312389	0.00180942656629745	-67.7344655412245	0	0.0019847430756229	0.293594616767524	0.00236050595519839	1091027.02329101	0.002	0	0.05	0.006	-5	0.02	0.002	-30	0.01	full	rep86
322	1	3	0.00275805744702563	-21.8500621982313	0	0.00665361285572263	-3.17872156377725	0	0.00031354995928836	100	0	1090994.26583492	0.002	0	0.05	0.006	-5	0.02	0.002	-30	0.01	reduced	rep86
3876	1	3	0.00511166059280889	-1.85434427907987	0.0468517582631183	0.0037779672957262	-9.46763823741281	0	0.00131515291091364	-53.7048775697826	0	1085884.79137936	0.002	0	0.05	0.006	-5	0.02	0.002	-30	0.01	full	rep87
4534	1	3	0.000302303503879106	100	0	0.0065059785898383	-3.08610586737405	0	0.00296791896397332	-22.0684880527561	0	1085852.42462012	0.002	0	0.05	0.006	-5	0.02	0.002	-30	0.01	reduced	rep87
786	1	3	0.00168571600978556	-27.7439632299659	0.0213805753201126	0.00274445268146874	-0.381911089931973	0.00912039214607056	0.00542330298981551	-5.98739253269727	0.0355818544346954	1082382.39705425	0.002	0	0.05	0.006	-5	0.02	0.002	-30	0.01	full	rep88
833	1	3	0.00620967875848045	-2.91046965263815	0	0.000296032468918846	100	0	0.00305418264088055	-18.1370729189406	0	1082342.82038276	0.002	0	0.05	0.006	-5	0.02	0.002	-30	0.01	reduced	rep88
1831	1	3	0.00622288714211836	-4.22751264179986	0.0287050315516603	0.00122070330692296	1.23656846582117	0.00437414046894992	0.0022838963931169	-19.7671028311418	0.0292840756622234	1080969.29852034	0.002	0	0.05	0.006	-5	0.02	0.002	-30	0.01	full	rep89
2583	1	3	0.00620401702792324	-2.97485756811275	0	0.000303243886123386	100	0	0.00296821573044324	-16.8489675327554	0	1080936.03616792	0.002	0	0.05	0.006	-5	0.02	0.002	-30	0.01	reduced	rep89
2520	1	3	0.00460254945553677	-9.1561005767439	0	0.00460002949492925	-1.57230245772362	0.0497871520271835	0.00094408203703293	-76.4817604365441	0.0125207025865851	1088088.99897265	0.002	0	0.05	0.006	-5	0.02	0.002	-30	0.01	full	rep90
3426	1	3	0.00324758429798885	-16.8805073390118	0	0.00607783504325886	-2.88842746418981	0	0.00029948729898157	100	0	1088056.80890367	0.002	0	0.05	0.006	-5	0.02	0.002	-30	0.01	reduced	rep90
4862	1	3	0.00274990867550277	-471.432225002842	0.045830734715039	0.00459738476571271	-9.95986041379007	0	0.00475287945478941	-1.64114577566737	0.0473484734148208	1080972.86508229	0.002	0	0.05	0.006	-5	0.02	0.002	-30	0.01	full	rep91
4339	1	3	0.00325856937018042	-17.1793936635534	0	0.00604206962147274	-2.88643050226622	0	0.000297413979230018	100	0	1080933.8180317	0.002	0	0.05	0.006	-5	0.02	0.002	-30	0.01	reduced	rep91
3582	1	3	0.00416192184798796	-483.955523324276	0	0.00464916396119603	-9.76463690009771	0	0.00467251217671589	-1.57646717636881	0.0467144169438277	1088706.38302276	0.002	0	0.05	0.006	-5	0.02	0.002	-30	0.01	full	rep92
4443	1	3	0.00600003943390606	-2.79755895325942	0	0.00350753689197873	-18.0321411488815	0	0.000283641767507487	100	0	1088677.64017832	0.002	0	0.05	0.006	-5	0.02	0.002	-30	0.01	reduced	rep92
2487	1	3	0.00205945080487119	-33.461667747209	0.0290666669763716	0.00129030759379362	0.94901670704754	0.152776552034224	0.00675108509350726	-4.54190682558784	0	1085315.81027825	0.002	0	0.05	0.006	-5	0.02	0.002	-30	0.01	full	rep93
804	1	3	0.00639773751329491	-3.11918420394424	0	0.000316590587534639	100	0	0.00295631261493041	-19.3939474452743	0	1085282.42342153	0.002	0	0.05	0.006	-5	0.02	0.002	-30	0.01	reduced	rep93
4287	1	3	0.00193950618281532	-78.4566921511977	0	0.00581769268168886	-5.93736853558441	0	0.00281702594330438	-0.742625723416707	0.0796325800405517	1084853.60923776	0.002	0	0.05	0.006	-5	0.02	0.002	-30	0.01	full	rep94
3895	1	3	0.00283324241762387	-20.9466701939298	0	0.000305488363599395	100	0	0.00654572873396515	-3.14308924212966	0	1084834.02559392	0.002	0	0.05	0.006	-5	0.02	0.002	-30	0.01	reduced	rep94
2779	1	3	0.000439440440100267	4.69169452207992	0.00274687151440788	0.0064444975742404	-3.2419577760086	0.0159243376933297	0.00298935161454277	-18.6808501965024	0.0492737920782567	1088103.71257838	0.002	0	0.05	0.006	-5	0.02	0.002	-30	0.01	full	rep95
3702	1	3	0.00646138702648271	-3.0498778930048	0	0.00289988864314677	-19.3802052183377	0	0.000290906866400567	100	0	1088063.49390565	0.002	0	0.05	0.006	-5	0.02	0.002	-30	0.01	reduced	rep95
4699	1	3	0.005768712229175	-5.75771266471013	0.0417016663187203	0.00250815188337443	-0.287257394228538	0	0.00172465005013935	-32.8161110600095	0	1085394.16908864	0.002	0	0.05	0.006	-5	0.02	0.002	-30	0.01	full	rep96
4343	1	3	0.00293118914650705	-20.0905035864296	0	0.00644618822230409	-3.05701379715618	0	0.00029655460673995	100	0	1085358.33656538	0.002	0	0.05	0.006	-5	0.02	0.002	-30	0.01	reduced	rep96
366	1	3	0.00117306655158912	1.47213364003635	0	0.0023194723533528	-28.6848457079593	0.0189307595156652	0.00652684677031526	-4.35180952945848	0.028846646727253	1079536.84430675	0.002	0	0.05	0.006	-5	0.02	0.002	-30	0.01	full	rep97
4329	1	3	0.00623159677340948	-2.94022746031174	0	0.00315305274714561	-19.558175849309	0	0.000290973165334364	100	0	1079508.39151588	0.002	0	0.05	0.006	-5	0.02	0.002	-30	0.01	reduced	rep97
125	1	3	0.00338817315488145	-19.5244639288606	0.0724672157773281	0.00628245703001422	-3.02741873248603	0	0.000336625485838363	12.1793425415357	0	1090575.54746395	0.002	0	0.05	0.006	-5	0.02	0.002	-30	0.01	full	rep98
4051	1	3	0.00640264934338013	-3.0300714554162	0	0.000302648797672369	100	0	0.00308573314502401	-20.5945679573818	0	1090546.89619955	0.002	0	0.05	0.006	-5	0.02	0.002	-30	0.01	reduced	rep98
4763	1	3	0.000464739667484883	2.71489699036596	0	0.00640720855702695	-3.15785654108363	0.0376415640318633	0.00307658914562798	-19.988779102731	0	1082984.29082549	0.002	0	0.05	0.006	-5	0.02	0.002	-30	0.01	full	rep99
1419	1	3	0.00642681284605522	-3.08975953446794	0	0.00031469488155564	100	0	0.00300848991535707	-21.6026533604868	0	1082957.04717656	0.002	0	0.05	0.006	-5	0.02	0.002	-30	0.01	reduced	rep99
4538	1	3	0.00471254551830649	-1.66160952050168	0.0494468994107451	0.00159281418540404	-181.921525277143	0.0176720001376285	0.00455298688181841	-9.59301328983043	0	1081528.77814859	0.002	0	0.05	0.006	-5	0.02	0.002	-30	0.01	full	rep100
1100	1	3	0.00317659081198488	-18.2818437078172	0	0.00617741627528867	-2.98591773510695	0	0.000303450555016784	100	0	1081493.66266104	0.002	0	0.05	0.006	-5	0.02	0.002	-30	0.01	reduced	rep100
