run	imp	exit_code	theta_1	gamma_1	e_1	theta_2	gamma_2	e_2	theta_3	gamma_3	e_3	lnL	sim_theta_1	sim_gamma_1	sim_e_1	sim_theta_2	sim_gamma_2	sim_e_2	sim_theta_3	sim_gamma_3	sim_e_3	model	rep
4218	1	3	0.00633199272380316	-5.54665234921297	0.0353558793432974	0.00170617814853518	-44.315629264706	0.0220671101660291	0.00210841863795025	0.13695710413548	0	1086330.65008948	0.002	0	0.05	0.006	-5	0.02	0.002	-30	0.01	full	rep1
3728	1	3	0.00174305106929712	-40.7693498610725	0.0258918268087368	0.00224665942935908	-0.0983314383937732	0.0258918268087368	0.00612153914627319	-5.51150422863141	0.0258918268087368	1086330.57492838	0.002	0	0.05	0.006	-5	0.02	0.002	-30	0.01	reduced	rep1
3063	1	3	0.00486359270250113	-6.58204907787028	0	0.0036125728841611	-1.18017312329076	0.06295375943571	0.0017372254306469	-43.6354685014859	0	1087710.64544781	0.002	0	0.05	0.006	-5	0.02	0.002	-30	0.01	full	rep2
3903	1	3	0.000322178483441484	7.1115368575403	0.02259594734906	0.003080198937701	-20.1873505130228	0.02259594734906	0.00656321872003905	-3.11770222136935	0.02259594734906	1087709.85081374	0.002	0	0.05	0.006	-5	0.02	0.002	-30	0.01	reduced	rep2
245	1	3	0.00143725091823585	-70.4719273991815	0.000531226962842157	0.00597970199780061	-6.23197471672328	0	0.00288425322406816	-0.810805909250446	0.0791509093789573	1089435.92996929	0.002	0	0.05	0.006	-5	0.02	0.002	-30	0.01	full	rep3
254	1	3	0.00732556888452039	-4.3317445462445	0.0236557221007259	0.00079099232381866	2.87124758119263	0.0236557221007259	0.00189121139916626	-31.0189912519453	0.0236557221007259	1089435.85536795	0.002	0	0.05	0.006	-5	0.02	0.002	-30	0.01	reduced	rep3
1008	1	3	0.00170274816614746	-184.693185735706	0	0.00425462788191588	-10.17110843719	0	0.00497158637564311	-1.76233408859601	0.0476309299491129	1078734.79218256	0.002	0	0.05	0.006	-5	0.02	0.002	-30	0.01	full	rep4
3593	1	3	0.00642484842544701	-3.2322065490821	0.0242297623209379	0.00305899038996506	-20.4650633177259	0.0242297623209379	0.000439025238707619	4.40371050457485	0.0242297623209379	1078734.720698	0.002	0	0.05	0.006	-5	0.02	0.002	-30	0.01	reduced	rep4
2417	1	3	0.000428930759366572	2.70889260795915	0.470210127948649	0.00299830541437974	-19.0068021018701	0	0.00646809194131074	-3.16681101708292	0.00560196484537941	1083061.46245748	0.002	0	0.05	0.006	-5	0.02	0.002	-30	0.01	full	rep5
3699	1	3	0.00640823999828681	-2.94030120549314	0.0244812830667774	0.000248115672196381	8.02868913723409	0.0244812830667774	0.00323225137921609	-18.1814061682534	0.0244812830667774	1083061.44406019	0.002	0	0.05	0.006	-5	0.02	0.002	-30	0.01	reduced	rep5
1858	1	3	0.0024855367537062	-26.7350160700382	0.0563678691989262	0.00696969502632396	-3.60379102632996	0	0.000496498358176133	5.16531106296456	0.256984741989491	1083004.19589498	0.002	0	0.05	0.006	-5	0.02	0.002	-30	0.01	full	rep6
5	1	3	0.00116323230366988	1.16471074615312	0.0255960982545788	0.00672483968234696	-4.27654788634387	0.0255960982545788	0.00211218405859363	-32.3332375189068	0.0255960982545788	1083004.40360539	0.002	0	0.05	0.006	-5	0.02	0.002	-30	0.01	reduced	rep6
3719	1	3	0.00654360596261788	-3.18704568488421	0	0.00305435638321247	-20.7292088910576	0.0755984309256646	0.000329508919449293	15.6849560570748	0	1087126.23682157	0.002	0	0.05	0.006	-5	0.02	0.002	-30	0.01	full	rep7
1315	1	3	0.000317402838974339	7.37802244399809	0.0234480772884964	0.00279834063714118	-21.7763653659557	0.0234480772884964	0.0068310941519856	-3.25632590136707	0.0234480772884964	1087126.38564407	0.002	0	0.05	0.006	-5	0.02	0.002	-30	0.01	reduced	rep7
4013	1	3	0.0043621384155513	-9.43240659195759	0	0.00209002195456405	-160.877597261348	0.0214418469563751	0.00477053384941924	-1.69813663610494	0.0480696847837529	1083044.44737306	0.002	0	0.05	0.006	-5	0.02	0.002	-30	0.01	full	rep8
2014	1	3	0.001918000074228	-64.0651776403477	0.0257509609330455	0.00579640322034436	-6.47182040290604	0.0257509609330455	0.00283272745180173	-0.498508170488811	0.0257509609330455	1083043.32354533	0.002	0	0.05	0.006	-5	0.02	0.002	-30	0.01	reduced	rep8
3960	1	3	0.00648737462341845	-3.33706860623253	0	0.000421787898017272	8.89769161389911	0	0.00292177981456266	-19.7829501587628	0.0842290694101804	1082832.69496734	0.002	0	0.05	0.006	-5	0.02	0.002	-30	0.01	full	rep9
1076	1	3	0.00652599033638931	-3.40816019617026	0.0235260209197328	0.00275621732441454	-19.1263777890157	0.0235260209197328	0.00051676791662737	3.75939085605906	0.0235260209197328	1082831.84723414	0.002	0	0.05	0.006	-5	0.02	0.002	-30	0.01	reduced	rep9
2934	1	3	0.00460904773115264	-8.81902903583769	0	0.00446814727138387	-1.55269276307301	0.0472977444039843	0.00230812565999907	-191.87273223868	0.0612772017789688	1079218.26324145	0.002	0	0.05	0.006	-5	0.02	0.002	-30	0.01	full	rep10
480	1	3	0.00551114514470858	-7.2922086976283	0.0258438208787376	0.00186198118463826	-102.87676334128	0.0258438208787376	0.00336593000674391	-0.870610502272495	0.0258438208787376	1079217.73349241	0.002	0	0.05	0.006	-5	0.02	0.002	-30	0.01	reduced	rep10
4535	1	3	0.00166375545142743	-43.8005779678753	0.040953874371999	0.00227150559309111	0.142676024843392	0.00271386452460415	0.00625617221326326	-5.9897855606759	0.0296151613048321	1087094.70732929	0.002	0	0.05	0.006	-5	0.02	0.002	-30	0.01	full	rep11
4440	1	3	0.00298757899046287	-0.551513060912623	0.0242232375068577	0.00574239369022321	-6.75668154207471	0.0242232375068577	0.00150272562571646	-51.9406140915746	0.0242232375068577	1087094.46631149	0.002	0	0.05	0.006	-5	0.02	0.002	-30	0.01	reduced	rep11
3116	1	3	0.00650787901046108	-5.41447236565538	0.0331622198837637	0.00191456407459377	0.294360391336204	0.00663004292835603	0.00164477454377904	-42.2256961762379	0.00351135711590968	1081639.40581336	0.002	0	0.05	0.006	-5	0.02	0.002	-30	0.01	full	rep12
1613	1	3	0.00148828236204744	0.835552767187545	0.0244988545024174	0.00669561460506719	-4.89644342362148	0.0244988545024174	0.00183051413614483	-35.0025843129579	0.0244988545024174	1081639.40440555	0.002	0	0.05	0.006	-5	0.02	0.002	-30	0.01	reduced	rep12
3754	1	3	0.00628195218997357	-5.29569593561061	0.033527030554751	0.00194384909235065	-43.7688975138	0.01137786443618	0.00199681922689649	0.18847491262482	0.00522929304027434	1083990.23662963	0.002	0	0.05	0.006	-5	0.02	0.002	-30	0.01	full	rep13
3384	1	3	0.00205679194517749	-40.4028005732684	0.0247050171657435	0.00644083298076237	-4.94497325829341	0.0247050171657435	0.00170703705514837	0.481164183002125	0.0247050171657435	1083990.19474152	0.002	0	0.05	0.006	-5	0.02	0.002	-30	0.01	reduced	rep13
1264	1	3	0.000339163552689302	13.7703270681596	0.0305297696090561	0.00311806086444036	-21.1752350934122	0.0769067995324184	0.0065263395151867	-3.205218138273	0	1086098.67170253	0.002	0	0.05	0.006	-5	0.02	0.002	-30	0.01	full	rep14
4340	1	3	0.00278881229910103	-21.868522683695	0.024903326364938	0.00042137782295619	4.74244387335048	0.024903326364938	0.00676524203760476	-3.39405538663925	0.024903326364938	1086098.7612899	0.002	0	0.05	0.006	-5	0.02	0.002	-30	0.01	reduced	rep14
4160	1	3	0.00165950896291342	-127.076715037959	0.0298493215345762	0.00425156578121135	-1.41428369402901	0.0511987813704487	0.00482081323591366	-8.37562114888602	0	1084885.06159757	0.002	0	0.05	0.006	-5	0.02	0.002	-30	0.01	full	rep15
358	1	3	0.00172139015936564	-44.0873489814053	0.0247530994299066	0.00619431784609834	-5.76281800628148	0.0247530994299066	0.00225605402801579	0.0305591462313494	0.0247530994299066	1084884.60979918	0.002	0	0.05	0.006	-5	0.02	0.002	-30	0.01	reduced	rep15
3800	1	3	0.00643169639212213	-3.27431834701552	0	0.00300724491155611	-19.8293837679016	0.0908125372433768	0.000415940165495863	7.80682779666458	0	1081360.74051417	0.002	0	0.05	0.006	-5	0.02	0.002	-30	0.01	full	rep16
1211	1	3	0.00275709847521419	-19.3686148137986	0.0255902894991612	0.000833628189686334	1.60837205696182	0.0255902894991612	0.006226234477308	-3.58399955688415	0.0255902894991612	1081359.23355791	0.002	0	0.05	0.006	-5	0.02	0.002	-30	0.01	reduced	rep16
4542	1	3	0.00454033241517181	-1.57190592581219	0.0479505092881248	0.00488389786274265	-9.4741487887402	0.00340942382612093	0.0027106689524194	-499.035723486145	0	1086945.34028766	0.002	0	0.05	0.006	-5	0.02	0.002	-30	0.01	full	rep17
3049	1	3	0.00600568727562851	-5.43878130947963	0.0248704504737601	0.00185104921369481	-24.9386718270343	0.0248704504737601	0.00208090606181441	0.152510750897833	0.0248704504737601	1086943.97266605	0.002	0	0.05	0.006	-5	0.02	0.002	-30	0.01	reduced	rep17
2926	1	3	0.00677123228105602	-3.69935074495782	0.0112361105088297	0.00269251429168573	-26.5218764659063	0.0635296466405878	0.000570929389915961	4.81112318594159	0.0374504560445462	1078161.91778666	0.002	0	0.05	0.006	-5	0.02	0.002	-30	0.01	full	rep18
2106	1	3	0.00172026017713443	0.529179392004646	0.0250200702709302	0.00634601883129214	-4.99934023852327	0.0250200702709302	0.00207878285861634	-37.7198644097739	0.0250200702709302	1078161.81458813	0.002	0	0.05	0.006	-5	0.02	0.002	-30	0.01	reduced	rep18
3512	1	3	0.006672423080532	-4.78208100599629	0.0303775032685173	0.00210390436609166	-35.2986082556698	0.0328336525185534	0.00142345386531446	1.01583576416782	0	1088454.56196408	0.002	0	0.05	0.006	-5	0.02	0.002	-30	0.01	full	rep19
235	1	3	0.00650676108701226	-4.78965219545986	0.0260821093650693	0.00211490064788314	-33.6337095006877	0.0260821093650693	0.00154868851545823	0.682305892474188	0.0260821093650693	1088454.47518214	0.002	0	0.05	0.006	-5	0.02	0.002	-30	0.01	reduced	rep19
4201	1	3	0.00204742608436297	0.193134426012784	0.00302051307504731	0.00635924578721841	-5.51741545440116	0.0353512346036991	0.00173862474359857	-39.8821858769302	0.003017653935036	1087793.53635793	0.002	0	0.05	0.006	-5	0.02	0.002	-30	0.01	full	rep20
2206	1	3	0.00663813230632743	-4.41989974603799	0.0243167299243505	0.00119522141022281	1.33162469831642	0.0243167299243505	0.00220140899550508	-27.6089896153568	0.0243167299243505	1087793.79700453	0.002	0	0.05	0.006	-5	0.02	0.002	-30	0.01	reduced	rep20
4648	1	3	0.00142957127357883	0.291103900640017	0.107180536796814	0.00256718937964452	-21.6279751911649	0	0.00588469460234067	-4.05681438360277	0.0131801002012483	1079111.2217844	0.002	0	0.05	0.006	-5	0.02	0.002	-30	0.01	full	rep21
3624	1	3	0.000192110642439517	12.5687408820162	0.0227285676293866	0.00356901869416961	-16.1570378246204	0.0227285676293866	0.00603564608370347	-2.65340717283722	0.0227285676293866	1079110.6579811	0.002	0	0.05	0.006	-5	0.02	0.002	-30	0.01	reduced	rep21
3702	1	3	0.00464633271257888	-1.63483367937112	0.0502411355124927	0.00426229166786798	-8.52733867597283	0	0.00180864345406621	-97.323478599783	0	1085951.18514441	0.002	0	0.05	0.006	-5	0.02	0.002	-30	0.01	full	rep22
1467	1	3	0.00665411364053482	-4.32545983358381	0.0245906439479192	0.00116460931787314	1.39380462462829	0.0245906439479192	0.00235754543497755	-32.8880498711243	0.0245906439479192	1085949.67803452	0.002	0	0.05	0.006	-5	0.02	0.002	-30	0.01	reduced	rep22
2194	1	3	0.00300901657826507	-20.3796747220892	0	0.00665521461691718	-2.95206692819	0.0348424848528865	0.00023779342220215	4.85268785439649	0	1082068.61740624	0.002	0	0.05	0.006	-5	0.02	0.002	-30	0.01	full	rep23
4653	1	3	0.00316469455246309	-19.8037061125651	0.0235998357200862	0.000191500069245292	11.3221437255622	0.0235998357200862	0.00653910699294609	-2.85358715362759	0.0235998357200862	1082068.71826729	0.002	0	0.05	0.006	-5	0.02	0.002	-30	0.01	reduced	rep23
3899	1	3	0.00192792592468572	-30.6310300489161	0.0303143609862426	0.00137111332285801	1.16911177655699	0	0.00668482393676905	-4.77790633321208	0.0303457572098326	1083085.86976221	0.002	0	0.05	0.006	-5	0.02	0.002	-30	0.01	full	rep24
1420	1	3	0.00151207322471087	0.818660599553293	0.0258927117787417	0.0019273317844771	-29.3490033438163	0.0258927117787417	0.00652038608933108	-4.82862693829414	0.0258927117787417	1083085.88591517	0.002	0	0.05	0.006	-5	0.02	0.002	-30	0.01	reduced	rep24
4901	1	3	0.00631671066367068	-3.13871156606369	0	0.000383126554209629	9.98083317114403	0	0.00323896439274652	-20.2360810689064	0.0790304185474022	1083213.71749649	0.002	0	0.05	0.006	-5	0.02	0.002	-30	0.01	full	rep25
3846	1	3	0.000781820863375015	2.30528482609959	0.0247258305742539	0.00648225938930719	-3.70851876161976	0.0247258305742539	0.00270617738814523	-23.1545693599477	0.0247258305742539	1083213.45982852	0.002	0	0.05	0.006	-5	0.02	0.002	-30	0.01	reduced	rep25
1164	1	3	0.00172127299910582	0.696916536711984	0.00286821383883751	0.00206931857061463	-31.1569947499245	0.0388759924625824	0.00627919703560931	-5.12191135679219	0.0274435426936156	1080214.68051552	0.002	0	0.05	0.006	-5	0.02	0.002	-30	0.01	full	rep26
979	1	3	0.00226866442884818	-0.037355698347402	0.024662925651542	0.00582524175378884	-5.56457766153689	0.024662925651542	0.00195365435611375	-31.1635306051737	0.024662925651542	1080214.53641277	0.002	0	0.05	0.006	-5	0.02	0.002	-30	0.01	reduced	rep26
1164	1	3	0.00155554940378838	0.451320127686667	0.00830425361727765	0.00211893762284752	-24.8730513021696	0	0.00622552429263658	-4.58675029237504	0.0375025735779271	1081332.38999175	0.002	0	0.05	0.006	-5	0.02	0.002	-30	0.01	full	rep27
2154	1	3	0.00657653501558489	-3.34861828656555	0.0256078109419819	0.000444228152137309	4.13121047658548	0.0256078109419819	0.00282800826050104	-19.374366832586	0.0256078109419819	1081332.20199568	0.002	0	0.05	0.006	-5	0.02	0.002	-30	0.01	reduced	rep27
3781	1	3	0.00629930695867646	-3.0808872967754	0	0.00335782240552695	-20.3198624540834	0.0729829076996973	0.00034347334664767	12.5370741369884	0	1084186.05128586	0.002	0	0.05	0.006	-5	0.02	0.002	-30	0.01	full	rep28
3647	1	3	0.00305099916406639	-21.3586978290641	0.0240907197433714	0.000410300880464327	4.85948919535268	0.0240907197433714	0.00655007316576693	-3.25139146797463	0.0240907197433714	1084185.85271613	0.002	0	0.05	0.006	-5	0.02	0.002	-30	0.01	reduced	rep28
509	1	3	0.00166763902200526	-39.5296634091055	0	0.00444608976409243	-6.98385512691353	0	0.00398202402458056	-1.40183412638039	0.0600362508407994	1080277.37536507	0.002	0	0.05	0.006	-5	0.02	0.002	-30	0.01	full	rep29
1461	1	3	0.00112833658613315	1.47542556343552	0.0254844642824622	0.00229270269110322	-28.6526091320637	0.0254844642824622	0.00661664322521136	-4.340822219309	0.0254844642824622	1080276.71539014	0.002	0	0.05	0.006	-5	0.02	0.002	-30	0.01	reduced	rep29
4990	1	3	0.00647575149578064	-3.97486177929882	0.0227925581016354	0.0009465871873474	1.89018432678655	0.00399670845643689	0.00233018850909941	-20.5947256133174	0.0482991265678224	1082433.78166991	0.002	0	0.05	0.006	-5	0.02	0.002	-30	0.01	full	rep30
1642	1	3	0.00110628173274485	1.0798538275574	0.0260330709964519	0.00610841235393805	-3.87767203426726	0.0260330709964519	0.00250009674313968	-18.4274936104371	0.0260330709964519	1082433.56439211	0.002	0	0.05	0.006	-5	0.02	0.002	-30	0.01	reduced	rep30
1219	1	3	0.0046322505862085	-1.62361316764709	0.0500589364277003	0.00416790095272115	-491.734868026911	0.0207256512627666	0.00460748686252639	-8.98386462469912	0	1090109.26578604	0.002	0	0.05	0.006	-5	0.02	0.002	-30	0.01	full	rep31
37	1	3	0.00595040407939955	-7.07226384005508	0.0258857858910515	0.00263274028044855	-215.030631811177	0.0258857858910515	0.0031084953267518	-0.647309992648704	0.0258857858910515	1090107.70333491	0.002	0	0.05	0.006	-5	0.02	0.002	-30	0.01	reduced	rep31
3356	1	3	0.00650958334551847	-4.19079757669966	0.0253682075494289	0.00220395345307453	-27.2364537504801	0.0231308104144275	0.00116225491621465	1.13791207748839	0.0275852067972188	1076896.86270484	0.002	0	0.05	0.006	-5	0.02	0.002	-30	0.01	full	rep32
4746	1	3	0.00646171805880886	-4.49401082104758	0.0253656551224112	0.0020621406276581	-30.8763387323693	0.0253656551224112	0.0014002079975823	0.792716174053292	0.0253656551224112	1076896.91498822	0.002	0	0.05	0.006	-5	0.02	0.002	-30	0.01	reduced	rep32
4984	1	3	0.00167662502171555	0.0981648152978136	0.13182041828052	0.00197727815705613	-25.8073060238181	0	0.00622051412429969	-4.59177994218379	0	1083743.56648597	0.002	0	0.05	0.006	-5	0.02	0.002	-30	0.01	full	rep33
2976	1	3	0.00269444524196158	-19.1115142573161	0.0228839018662065	0.000438429888957714	5.21785899812059	0.0228839018662065	0.00667006527087574	-3.42915651923068	0.0228839018662065	1083743.13967795	0.002	0	0.05	0.006	-5	0.02	0.002	-30	0.01	reduced	rep33
4784	1	3	0.000405661999251177	11.4350043874891	0	0.00272468336790583	-26.2285677040151	0.0918248870858891	0.00680736726980047	-3.45439607648756	0	1077719.07862757	0.002	0	0.05	0.006	-5	0.02	0.002	-30	0.01	full	rep34
3870	1	3	0.00693054306550768	-3.48371492435236	0.0229475461361036	0.00253434488642774	-25.6007715439239	0.0229475461361036	0.00043554819445912	5.15685597213625	0.0229475461361036	1077717.92951571	0.002	0	0.05	0.006	-5	0.02	0.002	-30	0.01	reduced	rep34
631	1	3	0.00398734536435153	-1.42031788214094	0.0586843717211615	0.00151094533007723	-62.8552192999045	0	0.00476049223378357	-7.11659808046284	0	1085320.38748415	0.002	0	0.05	0.006	-5	0.02	0.002	-30	0.01	full	rep35
4558	1	3	0.00674244067851178	-5.04520173274442	0.0251424859648199	0.0016132109538449	0.646032605231278	0.0251424859648199	0.00180511269227129	-44.2053828298015	0.0251424859648199	1085319.44794864	0.002	0	0.05	0.006	-5	0.02	0.002	-30	0.01	reduced	rep35
3327	1	3	0.0022093780070518	-36.7369188575087	0.0167061265304267	0.00113512756711911	1.41824271654936	0.00629540769742918	0.00674354782812358	-4.33004895735605	0.0298103432077939	1076540.31273101	0.002	0	0.05	0.006	-5	0.02	0.002	-30	0.01	full	rep36
1468	1	3	0.000738694005011222	2.61304312581257	0.0246828707573475	0.00685422568936031	-3.85122686803267	0.0246828707573475	0.00241014197496675	-30.3299142593014	0.0246828707573475	1076540.47750745	0.002	0	0.05	0.006	-5	0.02	0.002	-30	0.01	reduced	rep36
2387	1	3	0.0046837213714957	-7.54897307004551	0	0.001553374877196	-80.9688660963512	0.00793655277798371	0.00411003745118181	-1.45186525346739	0.0554195025041484	1076355.97781769	0.002	0	0.05	0.006	-5	0.02	0.002	-30	0.01	full	rep37
3678	1	3	0.00185281372515112	-44.670364227593	0.0250170829740592	0.00664180553701697	-5.04995222145103	0.0250170829740592	0.00162491092751612	0.633857480346109	0.0250170829740592	1076355.44461762	0.002	0	0.05	0.006	-5	0.02	0.002	-30	0.01	reduced	rep37
2109	1	3	0.00285988561746434	-24.4044386908752	0.024091934416386	0.000871835411445654	1.77092837917986	0	0.00632283964297478	-3.66849605659297	0.0298159344429017	1082123.11574151	0.002	0	0.05	0.006	-5	0.02	0.002	-30	0.01	full	rep38
1623	1	3	0.000729250684795161	2.180152727757	0.025645621495742	0.00635547286495147	-3.49525948422534	0.025645621495742	0.00295290547510421	-23.3764683723292	0.025645621495742	1082123.13845054	0.002	0	0.05	0.006	-5	0.02	0.002	-30	0.01	reduced	rep38
1117	1	3	0.00413828156880554	-8.07250704619964	0	0.00139835802059272	-41.2817807106193	0.006441163741457	0.00453916919651378	-1.62819039096179	0.0505522299247815	1085098.3864319	0.002	0	0.05	0.006	-5	0.02	0.002	-30	0.01	full	rep39
4509	1	3	0.00259503459178237	-22.6632832722282	0.0247656102017032	0.000898872086681446	1.80297254016039	0.0247656102017032	0.00647135351321599	-3.87641404487384	0.0247656102017032	1085098.1539366	0.002	0	0.05	0.006	-5	0.02	0.002	-30	0.01	reduced	rep39
1433	1	3	0.00437376765239413	-1.49405495785561	0.0500087759222597	0.00345442056995354	-500	0.111048170894773	0.00491071216315162	-8.76853187286983	0	1087103.71076674	0.002	0	0.05	0.006	-5	0.02	0.002	-30	0.01	full	rep40
4268	1	3	0.00366800470045692	-500	0.0269864541065326	0.00355798067858021	-0.961705043527285	0.0269864541065326	0.00568662297300228	-7.84887645197288	0.0269864541065326	1087101.55725481	0.002	0	0.05	0.006	-5	0.02	0.002	-30	0.01	reduced	rep40
4144	1	3	0.0031262657704713	-22.5406152932861	0.0534212317093986	0.00657530414929056	-3.16305823011884	0.00886193967037726	0.000320238632761593	12.0152979646212	0	1083056.83683802	0.002	0	0.05	0.006	-5	0.02	0.002	-30	0.01	full	rep41
1230	1	3	0.00303372223631011	-22.4594113539003	0.0219575341822449	0.000301828383449044	8.02480965154882	0.0219575341822449	0.00667940897946455	-3.15011837997737	0.0219575341822449	1083056.74688312	0.002	0	0.05	0.006	-5	0.02	0.002	-30	0.01	reduced	rep41
2052	1	3	0.00463350577681186	-6.16046746484477	0	0.00202932485758426	-34.2548457110259	0	0.00351362206206238	-1.19601722931689	0.0653304062880844	1084051.49787794	0.002	0	0.05	0.006	-5	0.02	0.002	-30	0.01	full	rep42
3620	1	3	0.00080996978926836	2.38962431719388	0.024115244256924	0.00670358130834565	-3.94645828132351	0.024115244256924	0.00262127533934798	-27.0418077658513	0.024115244256924	1084051.30174673	0.002	0	0.05	0.006	-5	0.02	0.002	-30	0.01	reduced	rep42
3462	1	3	0.000442711219527974	10.850034743742	0	0.00288765648661314	-32.1865694259103	0.0992556651140275	0.00696609030138581	-3.54198953185767	0	1092177.37727354	0.002	0	0.05	0.006	-5	0.02	0.002	-30	0.01	full	rep43
1172	1	3	0.00249936110487871	-36.8353376504081	0.024144284022351	0.000741634481611562	2.90178898477261	0.024144284022351	0.00708103309381548	-3.95022093968642	0.024144284022351	1092176.03492046	0.002	0	0.05	0.006	-5	0.02	0.002	-30	0.01	reduced	rep43
3106	1	3	0.00566792949478116	-5.05907881091684	0	0.00191612074903092	-28.3496271650067	0	0.0023386329638486	-0.50240172699988	0.0970531123687688	1083620.24740539	0.002	0	0.05	0.006	-5	0.02	0.002	-30	0.01	full	rep44
4403	1	3	0.00669079891245195	-3.43756411128214	0.0235373292809304	0.000457980781617807	4.80747510723467	0.0235373292809304	0.00269707596252522	-20.2943826670126	0.0235373292809304	1083619.87270145	0.002	0	0.05	0.006	-5	0.02	0.002	-30	0.01	reduced	rep44
4704	1	3	0.00202330478367915	-22.4889162397368	0	0.00418609449939946	-1.51492610867304	0.0566182379627856	0.0036785022495004	-6.66296992262864	0	1083935.00179863	0.002	0	0.05	0.006	-5	0.02	0.002	-30	0.01	full	rep45
4626	1	3	0.00631262893420151	-3.3955525164181	0.0249562125555882	0.000585239837165548	2.98379374266529	0.0249562125555882	0.00298602899872622	-18.5841021372669	0.0249562125555882	1083935.02831533	0.002	0	0.05	0.006	-5	0.02	0.002	-30	0.01	reduced	rep45
2803	1	3	0.000374658425709099	3.62356249315654	0.131117682750063	0.00645566940856447	-3.05823868182732	0.0270863614489815	0.00320271882484249	-20.646983374434	0	1086060.88612883	0.002	0	0.05	0.006	-5	0.02	0.002	-30	0.01	full	rep46
3455	1	3	0.0064018626888576	-2.89444363789655	0.0229023187669368	0.000255515149826466	8.2493286639537	0.0229023187669368	0.00337389526188628	-20.0881586056378	0.0229023187669368	1086061.09602877	0.002	0	0.05	0.006	-5	0.02	0.002	-30	0.01	reduced	rep46
843	1	3	0.00132727093492936	1.09859363771143	0.00743180340032012	0.00661703505199671	-4.54988102458333	0.0297792261884061	0.0020158740642129	-33.0911840303331	0.0170358216397021	1078087.50478465	0.002	0	0.05	0.006	-5	0.02	0.002	-30	0.01	full	rep47
4260	1	3	0.00203158432012796	-33.6846483600932	0.0246648483576019	0.00124963895035631	1.26501121657496	0.0246648483576019	0.00669233000209876	-4.49275778262563	0.0246648483576019	1078087.43172367	0.002	0	0.05	0.006	-5	0.02	0.002	-30	0.01	reduced	rep47
3198	1	3	0.00666999265755384	-3.34524794639864	0	0.000437443866692412	4.57867345445308	0.48124652255418	0.00270049560377529	-19.9374550587854	0	1084209.69084182	0.002	0	0.05	0.006	-5	0.02	0.002	-30	0.01	full	rep48
1967	1	3	0.000370173844991904	6.21318939866634	0.0220751148097137	0.00671498788817084	-3.2739812303294	0.0220751148097137	0.00274429530212768	-20.4904805381102	0.0220751148097137	1084209.87880268	0.002	0	0.05	0.006	-5	0.02	0.002	-30	0.01	reduced	rep48
688	1	3	0.00231622464065483	-23.1999287014313	0	0.00327798762711611	-1.08518209535513	0.0703700460679441	0.00427873949428007	-5.36065320556536	0	1079131.46809957	0.002	0	0.05	0.006	-5	0.02	0.002	-30	0.01	full	rep49
2020	1	3	0.00626800212658785	-2.98498775189144	0.023956920986621	0.000343918139924667	5.61748265605387	0.023956920986621	0.00321987891976638	-18.3019370626466	0.023956920986621	1079131.19004554	0.002	0	0.05	0.006	-5	0.02	0.002	-30	0.01	reduced	rep49
1362	1	3	0.00468011791049222	-8.55261828709185	0	0.0044077543231811	-1.51588874715744	0.0524274822473153	0.00185700814576229	-167.725374899962	0	1081946.61768237	0.002	0	0.05	0.006	-5	0.02	0.002	-30	0.01	full	rep50
1584	1	3	0.00573336006378696	-2.4152952755548	0.0211817032895778	0.000152176537421423	20.4444452476536	0.0211817032895778	0.00382996265806329	-14.2519745253648	0.0211817032895778	1081943.69566255	0.002	0	0.05	0.006	-5	0.02	0.002	-30	0.01	reduced	rep50
1460	1	3	0.000181958161638831	14.8818362474968	0.00393101480687521	0.00639630141643687	-2.78190360634805	0.0247242817551851	0.00323051714584167	-17.8485024999241	0.0134213496977718	1083201.80134098	0.002	0	0.05	0.006	-5	0.02	0.002	-30	0.01	full	rep51
4608	1	3	0.00637407850969856	-2.81036729742968	0.0206045840198773	0.00323596210329675	-17.9664064350392	0.0206045840198773	0.000200599300032545	15.6691248902686	0.0206045840198773	1083201.79493689	0.002	0	0.05	0.006	-5	0.02	0.002	-30	0.01	reduced	rep51
3330	1	3	0.00277092738049358	-24.7257456818451	0.0889262292168057	0.000468612925370767	8.79315434148113	0.0129609313119093	0.00674725003762584	-3.54307207297438	0	1083970.97527596	0.002	0	0.05	0.006	-5	0.02	0.002	-30	0.01	full	rep52
3799	1	3	0.00237004927924263	-27.4657294951931	0.0229539103922042	0.00685775513735195	-3.95120547392159	0.0229539103922042	0.000767772752355713	2.80142880744661	0.0229539103922042	1083970.07110018	0.002	0	0.05	0.006	-5	0.02	0.002	-30	0.01	reduced	rep52
3801	1	3	0.000643161157884775	4.42291178825425	0	0.00587040660800632	-3.43175003958181	0	0.00329853333441181	-15.4471262427046	0.0787835410749785	1088474.41101985	0.002	0	0.05	0.006	-5	0.02	0.002	-30	0.01	full	rep53
735	1	3	0.00553718541231829	-6.38599258449281	0.0250079558810446	0.00282044669473025	-0.411850626382392	0.0250079558810446	0.00148175170502667	-23.8828231291334	0.0250079558810446	1088473.17527455	0.002	0	0.05	0.006	-5	0.02	0.002	-30	0.01	reduced	rep53
2375	1	3	0.00677350645041237	-3.95867075856962	0	0.00234954298906694	-25.3510884582523	0.0318867712059457	0.00081229884387576	2.32457217765018	0.208347415425677	1082281.57780718	0.002	0	0.05	0.006	-5	0.02	0.002	-30	0.01	full	rep54
2927	1	3	0.00681094397297063	-4.1351193698217	0.024189464366522	0.000901049391551424	2.20024382988108	0.024189464366522	0.00224744714792924	-27.1373160736724	0.024189464366522	1082281.53772009	0.002	0	0.05	0.006	-5	0.02	0.002	-30	0.01	reduced	rep54
1476	1	3	0.000807613140988248	1.70751943318511	0.00982499854063419	0.00678696631789676	-3.81923860889247	0.0332541250437192	0.00240575854195841	-27.6234297472331	0	1082361.73246658	0.002	0	0.05	0.006	-5	0.02	0.002	-30	0.01	full	rep55
4328	1	3	0.000364770237277758	5.48128247802891	0.0242930222514508	0.00692638848454663	-3.34468718297991	0.0242930222514508	0.00268762042054135	-24.8849309002235	0.0242930222514508	1082361.75732751	0.002	0	0.05	0.006	-5	0.02	0.002	-30	0.01	reduced	rep55
363	1	3	0.00256502568828537	-0.292213538590283	0	0.00216169187492999	-68.2085275825265	0	0.00591818959798143	-5.89936522204945	0.041987674159625	1085598.73195842	0.002	0	0.05	0.006	-5	0.02	0.002	-30	0.01	full	rep56
1757	1	3	0.00242471263821275	-0.24151168004241	0.0261404179031374	0.00220772779236233	-60.9297016195736	0.0261404179031374	0.00594996040731309	-5.60638892617005	0.0261404179031374	1085597.89946568	0.002	0	0.05	0.006	-5	0.02	0.002	-30	0.01	reduced	rep56
3101	1	3	0.00469306023182503	-1.65076881524706	0.0495769275301253	0.000769505567454076	-31.9592092739312	0	0.00436313753337513	-9.29573192639492	0	1084684.11896974	0.002	0	0.05	0.006	-5	0.02	0.002	-30	0.01	full	rep57
3976	1	3	0.00508400382255005	-2.01371230882719	0.0230629238787354	0.000104985140754824	17.8657345889505	0.0230629238787354	0.00452483069733512	-11.8768276290663	0.0230629238787354	1084683.70987185	0.002	0	0.05	0.006	-5	0.02	0.002	-30	0.01	reduced	rep57
4357	1	3	0.00693334539527515	-5.03413720655121	0.0337069502773616	0.0015865004183326	-51.2798500357986	0.011499334779775	0.00154532059582829	0.788513564616142	0	1084187.84893735	0.002	0	0.05	0.006	-5	0.02	0.002	-30	0.01	full	rep58
295	1	3	0.00135668009132765	1.05027494409429	0.0259803013980623	0.00700512948530178	-4.78894526177334	0.0259803013980623	0.00165045110937669	-44.6144760701656	0.0259803013980623	1084187.81343947	0.002	0	0.05	0.006	-5	0.02	0.002	-30	0.01	reduced	rep58
1269	1	3	0.0058772574578143	-5.76403743063599	0.0386734732431493	0.00166181705471884	-28.9471753425268	0.00196706543274831	0.00235069060996428	-0.0945562340273058	0.00411026156637999	1079486.0412028	0.002	0	0.05	0.006	-5	0.02	0.002	-30	0.01	full	rep59
1810	1	3	0.00216438191707306	-22.681191270573	0.0251376034383006	0.00165993346537982	0.544936804811262	0.0251376034383006	0.00601970972561563	-4.7501972324862	0.0251376034383006	1079485.82431074	0.002	0	0.05	0.006	-5	0.02	0.002	-30	0.01	reduced	rep59
1923	1	3	0.0016396508696287	-470.608102464837	0.028547406149305	0.00489448017408022	-1.68909179115786	0.0480624279718719	0.00466292557211496	-10.528269227815	0	1089623.45812118	0.002	0	0.05	0.006	-5	0.02	0.002	-30	0.01	full	rep60
4041	1	3	0.000632524674902104	2.527739519815	0.0251097970718371	0.00356005756945789	-14.6177091688548	0.0251097970718371	0.00563666427889031	-3.09313553238374	0.0251097970718371	1089622.52286822	0.002	0	0.05	0.006	-5	0.02	0.002	-30	0.01	reduced	rep60
615	1	3	0.00641861404133073	-5.37132266893638	0.0338276731644584	0.00194062706105559	0.298661571599522	0.00394075564887422	0.00157082351136085	-32.1053431236531	0.0107560951522429	1088269.417943	0.002	0	0.05	0.006	-5	0.02	0.002	-30	0.01	full	rep61
3310	1	3	0.00200786041203009	0.202967174109993	0.0250126317588158	0.0064072840415383	-5.43977221861191	0.0250126317588158	0.00153995996690105	-34.4384438624702	0.0250126317588158	1088269.30762369	0.002	0	0.05	0.006	-5	0.02	0.002	-30	0.01	reduced	rep61
1435	1	3	0.00661925549964493	-5.14617835953572	0.0303156665499501	0.00167059518881942	0.76747195462372	0.0053688670527444	0.0019578665398064	-41.2791572924145	0.0239778206517985	1089276.72659341	0.002	0	0.05	0.006	-5	0.02	0.002	-30	0.01	full	rep62
3447	1	3	0.00159850744523614	0.791140982367364	0.0249986081290827	0.00202374952656233	-37.4033319381995	0.0249986081290827	0.00658128884828023	-4.96960439932906	0.0249986081290827	1089276.74675972	0.002	0	0.05	0.006	-5	0.02	0.002	-30	0.01	reduced	rep62
2959	1	3	0.00657278066105866	-3.32251004976123	0	0.00312111219377612	-24.0187476179389	0.0613636136174188	0.000410665682852592	7.89377770103207	0.208897575011064	1081910.37510497	0.002	0	0.05	0.006	-5	0.02	0.002	-30	0.01	full	rep63
1848	1	3	0.000586621653720193	2.96619191883477	0.0259663082027036	0.0066154720809054	-3.50111321069365	0.0259663082027036	0.00289693774771387	-24.8230107170456	0.0259663082027036	1081909.89992851	0.002	0	0.05	0.006	-5	0.02	0.002	-30	0.01	reduced	rep63
3064	1	3	0.00272558789614392	-21.2713323389328	0.0767883070349392	0.000546270227534904	5.43713648907223	0	0.00663006574061964	-3.65720431969691	0.00851320916745474	1081363.1017937	0.002	0	0.05	0.006	-5	0.02	0.002	-30	0.01	full	rep64
3576	1	3	0.00213207493919768	-25.2405686288052	0.0249496584038304	0.00643651243075706	-4.57088929829932	0.0249496584038304	0.00135097325631319	1.01902993927766	0.0249496584038304	1081362.46555455	0.002	0	0.05	0.006	-5	0.02	0.002	-30	0.01	reduced	rep64
4501	1	3	0.00343048093684489	-16.7947635067954	0	0.00631942693668058	-2.6071783708797	0.0370604876697328	0.000109634624388047	7.70187419215978	0.0139725713932823	1083418.51919819	0.002	0	0.05	0.006	-5	0.02	0.002	-30	0.01	full	rep65
1247	1	3	0.00344102362667441	-17.2808595809875	0.0240571679275957	0.000160877324404583	12.4002433180794	0.0240571679275957	0.00627129055194975	-2.69321822823219	0.0240571679275957	1083418.52708556	0.002	0	0.05	0.006	-5	0.02	0.002	-30	0.01	reduced	rep65
4873	1	3	0.00632525923064436	-4.95695182205653	0.033157470453872	0.00184366049723743	0.177192071736665	0.0163653638864127	0.00189750155633002	-36.8214312560527	0	1084762.79884193	0.002	0	0.05	0.006	-5	0.02	0.002	-30	0.01	full	rep66
404	1	3	0.00230517386961566	-27.833521977561	0.0251457915503334	0.0069006868614595	-3.91497984981774	0.0251457915503334	0.000777919326843819	2.30609799943766	0.0251457915503334	1084762.80928182	0.002	0	0.05	0.006	-5	0.02	0.002	-30	0.01	reduced	rep66
3610	1	3	0.00469128819472355	-1.59595152156453	0.0485375307537656	0.002132119930636	-458.834523195587	0	0.00472084339043754	-9.85918818597451	0.00524325742439074	1083921.925336	0.002	0	0.05	0.006	-5	0.02	0.002	-30	0.01	full	rep67
1247	1	3	0.00303391354471494	-16.5087515618721	0.0265653564959287	0.000911742229531311	1.78201224983138	0.0265653564959287	0.00584850707233855	-3.59594261673168	0.0265653564959287	1083921.37345243	0.002	0	0.05	0.006	-5	0.02	0.002	-30	0.01	reduced	rep67
3949	1	3	0.00118451203617316	-71.8113409797143	0.0283748413049437	0.00487555845544977	-1.80112244648682	0.0482043235541856	0.00410811556514447	-8.71953509683619	0	1084955.43436209	0.002	0	0.05	0.006	-5	0.02	0.002	-30	0.01	full	rep68
2423	1	3	0.00595782188350143	-5.39431331027568	0.0268531802046604	0.00231274007420275	-0.278451085572101	0.0268531802046604	0.00170360218965149	-34.2640319769369	0.0268531802046604	1084955.17210581	0.002	0	0.05	0.006	-5	0.02	0.002	-30	0.01	reduced	rep68
4902	1	3	0.0061932022368746	-5.06743195578743	0.0342582785086778	0.00176007202051757	0.476626997057813	0.00315066784337484	0.0018527107447541	-23.0603296011677	0.0247283553261873	1080984.50342248	0.002	0	0.05	0.006	-5	0.02	0.002	-30	0.01	full	rep69
2569	1	3	0.00606901893156162	-5.15066783644103	0.0268966717978018	0.00183287506735678	-23.4376406981401	0.0268966717978018	0.00191079816436718	0.228985789159651	0.0268966717978018	1080984.50554922	0.002	0	0.05	0.006	-5	0.02	0.002	-30	0.01	reduced	rep69
1631	1	3	0.000636736000777464	3.28808653116529	0.0817657536573216	0.00242075859975807	-26.912388616571	0.0174548687878161	0.00692316226129883	-3.76629587954892	0.020830044059171	1083614.44223494	0.002	0	0.05	0.006	-5	0.02	0.002	-30	0.01	full	rep70
4992	1	3	0.000524369834219928	4.34711050093368	0.0240852889755763	0.00252527024220756	-25.6749568679211	0.0240852889755763	0.00691821597283188	-3.61337484976859	0.0240852889755763	1083614.47015587	0.002	0	0.05	0.006	-5	0.02	0.002	-30	0.01	reduced	rep70
776	1	3	0.00596127402878839	-3.77505949403777	0	0.00258365363522845	-20.9971280260517	0	0.00129027340789163	0.154621104085013	0.176097218110178	1081138.05524142	0.002	0	0.05	0.006	-5	0.02	0.002	-30	0.01	full	rep71
3875	1	3	0.00299067510530307	-18.8479122178185	0.0237935092002574	0.00649266868053222	-3.10374059750806	0.0237935092002574	0.000335621973315745	5.79367521780757	0.0237935092002574	1081137.94689669	0.002	0	0.05	0.006	-5	0.02	0.002	-30	0.01	reduced	rep71
3076	1	3	0.00705791362469459	-4.95185256370549	0.0301206510873806	0.00187817264660495	-50.543220642302	0.0110889936104018	0.00130535046508219	1.39207149120325	0.0050159054134699	1079553.61800913	0.002	0	0.05	0.006	-5	0.02	0.002	-30	0.01	full	rep72
1494	1	3	0.00194898954670974	-45.1729857182393	0.0243961033860696	0.00110844940318714	1.86951910899698	0.0243961033860696	0.00713702528926972	-4.7079958149094	0.0243961033860696	1079553.57545173	0.002	0	0.05	0.006	-5	0.02	0.002	-30	0.01	reduced	rep72
1237	1	3	0.00251211381093874	-0.0823917962065834	0.00263420503981397	0.0064443652153103	-6.60821290720362	0.0340830822052768	0.00121362072048586	-73.2310306171555	0.0124957337140216	1083960.8638091	0.002	0	0.05	0.006	-5	0.02	0.002	-30	0.01	full	rep73
404	1	3	0.00120457046908107	-61.5007321672176	0.024328840937281	0.00618721439349302	-6.64123226413605	0.024328840937281	0.00270776870529783	-0.333707563223646	0.024328840937281	1083960.80992932	0.002	0	0.05	0.006	-5	0.02	0.002	-30	0.01	reduced	rep73
623	1	3	0.00660278720509081	-3.38500278363273	0	0.00308768565774586	-25.2391840390932	0.0847295671589191	0.000423849074917914	9.65159830653197	0.00474341168689923	1081556.83121426	0.002	0	0.05	0.006	-5	0.02	0.002	-30	0.01	full	rep74
2944	1	3	0.00269325682379673	-27.9714635625313	0.0237368277945088	0.00671512303320552	-3.7906302789879	0.0237368277945088	0.000723508409671646	2.72443314192035	0.0237368277945088	1081556.27209514	0.002	0	0.05	0.006	-5	0.02	0.002	-30	0.01	reduced	rep74
4746	1	3	0.00515671125895514	-4.57958531022293	0	0.00235669592799276	-0.69548658785499	0.0999079617642293	0.00237255141036849	-22.7429449334925	0	1081357.38723232	0.002	0	0.05	0.006	-5	0.02	0.002	-30	0.01	full	rep75
1133	1	3	0.00653602929014024	-3.25375479290208	0.0246323679270101	0.000405011933670789	4.84320909258618	0.0246323679270101	0.00292395886950405	-19.6113917853447	0.0246323679270101	1081357.42232618	0.002	0	0.05	0.006	-5	0.02	0.002	-30	0.01	reduced	rep75
3598	1	3	0.00575504295391237	-5.75790812375632	0.0421615111495241	0.00183380672071847	-32.9479243871899	0	0.00246590265408723	-0.278367085827538	0	1081251.21034003	0.002	0	0.05	0.006	-5	0.02	0.002	-30	0.01	full	rep76
673	1	3	0.00203621255830418	0.031928550291243	0.0254698068183286	0.00590042588805376	-5.1213447807093	0.0254698068183286	0.00208926026841778	-28.7163422932765	0.0254698068183286	1081250.57255362	0.002	0	0.05	0.006	-5	0.02	0.002	-30	0.01	reduced	rep76
4925	1	3	0.00175803627379672	-49.2763418015854	0	0.0060428601222649	-5.91276939449864	0.0358292528706676	0.00242721557264711	-0.0721328772244708	0.00400296132716259	1085430.10485145	0.002	0	0.05	0.006	-5	0.02	0.002	-30	0.01	full	rep77
3362	1	3	0.00614873914685326	-5.53929104712158	0.023809665630089	0.00187249083386048	-44.6600485617474	0.023809665630089	0.0021838658760826	0.114504047275374	0.023809665630089	1085429.71007241	0.002	0	0.05	0.006	-5	0.02	0.002	-30	0.01	reduced	rep77
3416	1	3	0.000358338514008538	13.3812618543673	0	0.00320180356325899	-21.7706867955132	0.0754096871820556	0.00645944997596735	-3.21257969563989	0	1083608.09264148	0.002	0	0.05	0.006	-5	0.02	0.002	-30	0.01	full	rep78
4649	1	3	0.00034455927583528	6.66444447210167	0.0234731161396185	0.00666338318459778	-3.23075034278045	0.0234731161396185	0.00300862627731629	-21.9872387623927	0.0234731161396185	1083607.97960191	0.002	0	0.05	0.006	-5	0.02	0.002	-30	0.01	reduced	rep78
4125	1	3	0.00330535166983838	-18.2112681591632	0.076884923622217	0.00621870491272546	-3.07416056902738	0	0.000367672313706381	9.40558382550815	0	1086178.57046584	0.002	0	0.05	0.006	-5	0.02	0.002	-30	0.01	full	rep79
113	1	3	0.00293406094134559	-19.1936514485674	0.024659391655883	0.000591462829049038	2.86198238368277	0.024659391655883	0.00636764880451944	-3.38434666088675	0.024659391655883	1086178.24118959	0.002	0	0.05	0.006	-5	0.02	0.002	-30	0.01	reduced	rep79
2331	1	3	0.00269668442505291	-23.3952064066306	0	0.00175034487487155	-0.313280226145187	0.126123090345602	0.00551740406503593	-4.03747068691155	0	1077587.94852962	0.002	0	0.05	0.006	-5	0.02	0.002	-30	0.01	full	rep80
2545	1	3	0.00329436157726701	-19.3559376528009	0.0226440290400329	0.00635955164581302	-2.90761152683239	0.0226440290400329	0.000254991851660513	7.78721982475735	0.0226440290400329	1077587.22105073	0.002	0	0.05	0.006	-5	0.02	0.002	-30	0.01	reduced	rep80
4794	1	3	0.00611989385356644	-5.10726493335611	0.0351624448147555	0.00195177428269246	0.206099037545087	0	0.00191901540767698	-38.1641003957256	0	1073142.21928432	0.002	0	0.05	0.006	-5	0.02	0.002	-30	0.01	full	rep81
715	1	3	0.0021245267091007	-33.8582737992455	0.022966490426071	0.00649648042605739	-4.48595043948954	0.022966490426071	0.00134569923659035	1.00457082380651	0.022966490426071	1073142.06657306	0.002	0	0.05	0.006	-5	0.02	0.002	-30	0.01	reduced	rep81
1807	1	3	0.00463368795293994	-471.54579358704	0.0444448056752724	0.00428072683847107	-1.40936473201235	0.0512006647282029	0.00487319380009936	-8.61264233541925	0	1084981.1419624	0.002	0	0.05	0.006	-5	0.02	0.002	-30	0.01	full	rep82
611	1	3	0.00251041258998259	-175.925892021409	0.0256414546125122	0.00306511351213819	-0.570322976133176	0.0256414546125122	0.00591508132784539	-7.11600708581624	0.0256414546125122	1084980.59175968	0.002	0	0.05	0.006	-5	0.02	0.002	-30	0.01	reduced	rep82
2959	1	3	0.00215571181429429	-143.104499650908	0.00811895526450544	0.0049245538967144	-1.76332233566922	0.0470355939024439	0.00407060344879516	-9.26183192895385	0	1083017.60827644	0.002	0	0.05	0.006	-5	0.02	0.002	-30	0.01	full	rep83
2318	1	3	0.00673364484153717	-4.06478827198478	0.0246178185743062	0.00251902289893207	-32.8188072197435	0.0246178185743062	0.000954074680969407	1.78705935220372	0.0246178185743062	1083016.5640847	0.002	0	0.05	0.006	-5	0.02	0.002	-30	0.01	reduced	rep83
3373	1	3	0.000912535092811387	1.21608077009795	0.00523388951133082	0.00632017506913652	-3.66259428769857	0.0360771186726487	0.00273445395976259	-22.2139551345271	0	1084920.94205915	0.002	0	0.05	0.006	-5	0.02	0.002	-30	0.01	full	rep84
988	1	3	0.00655445221262587	-3.07509554340363	0.0240909799331799	0.00308230129705778	-20.3929923893634	0.0240909799331799	0.000317677316498016	5.76161426526804	0.0240909799331799	1084920.97355964	0.002	0	0.05	0.006	-5	0.02	0.002	-30	0.01	reduced	rep84
460	1	3	0.00360743025256745	-8.45739211016994	0	0.00160529644861763	-49.2227283481621	0	0.00499614160082209	-1.84611407539564	0.0486850326911364	1082663.7661243	0.002	0	0.05	0.006	-5	0.02	0.002	-30	0.01	full	rep85
2645	1	3	0.000384724156186229	4.47016221637486	0.0252446012128396	0.00671559191130758	-3.23750528042962	0.0252446012128396	0.00288925932443172	-23.0713965867879	0.0252446012128396	1082662.50384304	0.002	0	0.05	0.006	-5	0.02	0.002	-30	0.01	reduced	rep85
691	1	3	0.00666441272285557	-5.56029676361617	0.0358767398312389	0.00180942656629745	-67.7344655412245	0	0.0019847430756229	0.293594616767524	0.00236050595519839	1091027.02329101	0.002	0	0.05	0.006	-5	0.02	0.002	-30	0.01	full	rep86
31	1	3	0.0069417230597029	-4.72040131647979	0.025394790710183	0.00195182944258375	-41.6029744357173	0.025394790710183	0.00131691958904663	1.18196064306481	0.025394790710183	1091027.25849654	0.002	0	0.05	0.006	-5	0.02	0.002	-30	0.01	reduced	rep86
3876	1	3	0.00511166059280889	-1.85434427907987	0.0468517582631183	0.0037779672957262	-9.46763823741281	0	0.00131515291091364	-53.7048775697826	0	1085884.79137936	0.002	0	0.05	0.006	-5	0.02	0.002	-30	0.01	full	rep87
4727	1	3	0.00110913355884846	1.2855540692784	0.0252863982994019	0.0064467335388367	-4.09254584026543	0.0252863982994019	0.00250797798746535	-26.3943908802952	0.0252863982994019	1085884.18823682	0.002	0	0.05	0.006	-5	0.02	0.002	-30	0.01	reduced	rep87
786	1	3	0.00168571600978556	-27.7439632299659	0.0213805753201126	0.00274445268146874	-0.381911089931973	0.00912039214607056	0.00542330298981551	-5.98739253269727	0.0355818544346954	1082382.39705425	0.002	0	0.05	0.006	-5	0.02	0.002	-30	0.01	full	rep88
674	1	3	0.00298680232843435	-0.615489467281307	0.0258472773382943	0.00172144034272934	-27.0917538713011	0.0258472773382943	0.00514196025756191	-6.08437866628644	0.0258472773382943	1082382.34860335	0.002	0	0.05	0.006	-5	0.02	0.002	-30	0.01	reduced	rep88
1831	1	3	0.00622288714211836	-4.22751264179986	0.0287050315516603	0.00122070330692296	1.23656846582117	0.00437414046894992	0.0022838963931169	-19.7671028311418	0.0292840756622234	1080969.29852034	0.002	0	0.05	0.006	-5	0.02	0.002	-30	0.01	full	rep89
2034	1	3	0.00204865332609735	-21.1796439782477	0.0257535967314496	0.00601400046690861	-4.68450844411864	0.0257535967314496	0.00167065000692507	0.495478219987424	0.0257535967314496	1080969.32225005	0.002	0	0.05	0.006	-5	0.02	0.002	-30	0.01	reduced	rep89
2520	1	3	0.00460254945553677	-9.1561005767439	0	0.00460002949492925	-1.57230245772362	0.0497871520271835	0.00094408203703293	-76.4817604365441	0.0125207025865851	1088088.99897265	0.002	0	0.05	0.006	-5	0.02	0.002	-30	0.01	full	rep90
294	1	3	0.00620934611745644	-4.095222608739	0.0246072489095233	0.00113693839500696	1.42053734856588	0.0246072489095233	0.00254138864501727	-20.2652178290555	0.0246072489095233	1088088.56631877	0.002	0	0.05	0.006	-5	0.02	0.002	-30	0.01	reduced	rep90
4862	1	3	0.00274990867550277	-471.432225002842	0.045830734715039	0.00459738476571271	-9.95986041379007	0	0.00475287945478941	-1.64114577566737	0.0473484734148208	1080972.86508229	0.002	0	0.05	0.006	-5	0.02	0.002	-30	0.01	full	rep91
1571	1	3	0.00558582139414799	-8.23696956921919	0.0258361923686155	0.00363530645950022	-0.940573789344085	0.0258361923686155	0.00231429110477727	-292.897331025848	0.0258361923686155	1080971.39876756	0.002	0	0.05	0.006	-5	0.02	0.002	-30	0.01	reduced	rep91
3582	1	3	0.00416192184798796	-483.955523324276	0	0.00464916396119603	-9.76463690009771	0	0.00467251217671589	-1.57646717636881	0.0467144169438277	1088706.38302276	0.002	0	0.05	0.006	-5	0.02	0.002	-30	0.01	full	rep92
325	1	3	0.00582284843657313	-7.59558434464742	0.0236578773043405	0.00238367914572124	-169.530478820824	0.0236578773043405	0.00325550915251504	-0.647150491062508	0.0236578773043405	1088704.13345088	0.002	0	0.05	0.006	-5	0.02	0.002	-30	0.01	reduced	rep92
2487	1	3	0.00205945080487119	-33.461667747209	0.0290666669763716	0.00129030759379362	0.94901670704754	0.152776552034224	0.00675108509350726	-4.54190682558784	0	1085315.81027825	0.002	0	0.05	0.006	-5	0.02	0.002	-30	0.01	full	rep93
2015	1	3	0.00697067460042082	-4.52405172181311	0.0252884160142324	0.00204932281316679	-33.7821659166307	0.0252884160142324	0.00108416717899846	1.79236885860608	0.0252884160142324	1085315.8008684	0.002	0	0.05	0.006	-5	0.02	0.002	-30	0.01	reduced	rep93
4287	1	3	0.00193950618281532	-78.4566921511977	0	0.00581769268168886	-5.93736853558441	0	0.00281702594330438	-0.742625723416707	0.0796325800405517	1084853.60923776	0.002	0	0.05	0.006	-5	0.02	0.002	-30	0.01	full	rep94
3328	1	3	0.00218064365465237	-36.7685157068942	0.0232344845066801	0.000715875375241144	3.25475203075009	0.0232344845066801	0.00725218673219717	-4.11838698599382	0.0232344845066801	1084852.2880032	0.002	0	0.05	0.006	-5	0.02	0.002	-30	0.01	reduced	rep94
2779	1	3	0.000439440440100267	4.69169452207992	0.00274687151440788	0.0064444975742404	-3.2419577760086	0.0159243376933297	0.00298935161454277	-18.6808501965024	0.0492737920782567	1088103.71257838	0.002	0	0.05	0.006	-5	0.02	0.002	-30	0.01	full	rep95
4230	1	3	0.0061326492533998	-4.02956854898433	0.0247693029176487	0.00252029698647426	-20.8669374343377	0.0247693029176487	0.00123334815551684	0.858945274789693	0.0247693029176487	1088103.61966392	0.002	0	0.05	0.006	-5	0.02	0.002	-30	0.01	reduced	rep95
4699	1	3	0.005768712229175	-5.75771266471013	0.0417016663187203	0.00250815188337443	-0.287257394228538	0	0.00172465005013935	-32.8161110600095	0	1085394.16908864	0.002	0	0.05	0.006	-5	0.02	0.002	-30	0.01	full	rep96
3468	1	3	0.00186727397478392	0.20809723788661	0.0251947776211188	0.00602792156696339	-4.88150152959349	0.0251947776211188	0.00208114406004233	-27.5485873852872	0.0251947776211188	1085394.19325192	0.002	0	0.05	0.006	-5	0.02	0.002	-30	0.01	reduced	rep96
366	1	3	0.00117306655158912	1.47213364003635	0	0.0023194723533528	-28.6848457079593	0.0189307595156652	0.00652684677031526	-4.35180952945848	0.028846646727253	1079536.84430675	0.002	0	0.05	0.006	-5	0.02	0.002	-30	0.01	full	rep97
2698	1	3	0.00663797420396219	-3.99752358451847	0.0232044542658598	0.00248620982704604	-26.7884252082321	0.0232044542658598	0.00088045976708634	2.23167246485222	0.0232044542658598	1079536.95060688	0.002	0	0.05	0.006	-5	0.02	0.002	-30	0.01	reduced	rep97
125	1	3	0.00338817315488145	-19.5244639288606	0.0724672157773281	0.00628245703001422	-3.02741873248603	0	0.000336625485838363	12.1793425415357	0	1090575.54746395	0.002	0	0.05	0.006	-5	0.02	0.002	-30	0.01	full	rep98
4334	1	3	0.00316843351379992	-19.8964495259056	0.0239599993577787	0.00649326811807716	-3.08495404548028	0.0239599993577787	0.000346494353944159	5.51217497475341	0.0239599993577787	1090575.54412808	0.002	0	0.05	0.006	-5	0.02	0.002	-30	0.01	reduced	rep98
4763	1	3	0.000464739667484883	2.71489699036596	0	0.00640720855702695	-3.15785654108363	0.0376415640318633	0.00307658914562798	-19.988779102731	0	1082984.29082549	0.002	0	0.05	0.006	-5	0.02	0.002	-30	0.01	full	rep99
1852	1	3	0.00329804899834476	-19.2230298950279	0.0247937842813987	0.000257432957429593	7.88051367951357	0.0247937842813987	0.00638865388983453	-2.90692402132575	0.0247937842813987	1082984.26245411	0.002	0	0.05	0.006	-5	0.02	0.002	-30	0.01	reduced	rep99
4538	1	3	0.00471254551830649	-1.66160952050168	0.0494468994107451	0.00159281418540404	-181.921525277143	0.0176720001376285	0.00455298688181841	-9.59301328983043	0	1081528.77814859	0.002	0	0.05	0.006	-5	0.02	0.002	-30	0.01	full	rep100
3332	1	3	0.00632707659762238	-4.06372230096707	0.0250613611840992	0.00103902600848309	1.59446706339173	0.0250613611840992	0.00256925960658333	-21.9952621338996	0.0250613611840992	1081527.48955567	0.002	0	0.05	0.006	-5	0.02	0.002	-30	0.01	reduced	rep100
