run	imp	exit_code	theta_1	gamma_1	e_1	theta_2	gamma_2	e_2	theta_3	gamma_3	e_3	lnL	sim_theta_1	sim_gamma_1	sim_e_1	sim_theta_2	sim_gamma_2	sim_e_2	sim_theta_3	sim_gamma_3	sim_e_3	model	rep
4218	1	3	0.00633199272380316	-5.54665234921297	0.0353558793432974	0.00170617814853518	-44.315629264706	0.0220671101660291	0.00210841863795025	0.13695710413548	0	1086330.65008948	0.002	0	0.05	0.006	-5	0.02	0.002	-30	0.01	full	rep1
2400	1	3	0.00346662354637018	-15.1324057205901	0	0.00582513453427421	-2.62870061609064	0	0.000242174565612167	4036.83480259463	0	1086324.71848744	0.002	0	0.05	0.006	-5	0.02	0.002	-30	0.01	reduced	rep1
3063	1	3	0.00486359270250113	-6.58204907787028	0	0.0036125728841611	-1.18017312329076	0.06295375943571	0.0017372254306469	-43.6354685014859	0	1087710.64544781	0.002	0	0.05	0.006	-5	0.02	0.002	-30	0.01	full	rep2
1464	1	3	0.00572078307682116	-2.58091294473426	0	0.00366554146517603	-15.4095751452649	0	0.000246037182680368	680.004225226586	0	1087707.58399523	0.002	0	0.05	0.006	-5	0.02	0.002	-30	0.01	reduced	rep2
245	1	3	0.00143725091823585	-70.4719273991815	0.000531226962842157	0.00597970199780061	-6.23197471672328	0	0.00288425322406816	-0.810805909250446	0.0791509093789573	1089435.92996929	0.002	0	0.05	0.006	-5	0.02	0.002	-30	0.01	full	rep3
4165	1	3	0.0040045427015523	-11.7648669383037	0	0.000246265512446787	932.198291284524	0	0.00522118498278594	-2.46888087143111	0	1089429.92585104	0.002	0	0.05	0.006	-5	0.02	0.002	-30	0.01	reduced	rep3
1008	1	3	0.00170274816614746	-184.693185735706	0	0.00425462788191588	-10.17110843719	0	0.00497158637564311	-1.76233408859601	0.0476309299491129	1078734.79218256	0.002	0	0.05	0.006	-5	0.02	0.002	-30	0.01	full	rep4
2665	1	3	0.00564785110866803	-2.5350681343481	0	0.00369622990184642	-15.712100613187	0	0.000241707875902416	1815.84657844562	0	1078733.14010421	0.002	0	0.05	0.006	-5	0.02	0.002	-30	0.01	reduced	rep4
2417	1	3	0.000428930759366572	2.70889260795915	0.470210127948649	0.00299830541437974	-19.0068021018701	0	0.00646809194131074	-3.16681101708292	0.00560196484537941	1083061.46245748	0.002	0	0.05	0.006	-5	0.02	0.002	-30	0.01	full	rep5
898	1	3	0.00340177811696171	-16.4976064446052	0	0.00025720231108079	664.217876732881	0	0.00595305492766593	-2.76144476499202	0	1083061.38729955	0.002	0	0.05	0.006	-5	0.02	0.002	-30	0.01	reduced	rep5
1858	1	3	0.0024855367537062	-26.7350160700382	0.0563678691989262	0.00696969502632396	-3.60379102632996	0	0.000496498358176133	5.16531106296456	0.256984741989491	1083004.19589498	0.002	0	0.05	0.006	-5	0.02	0.002	-30	0.01	full	rep6
707	1	3	0.00311412767061503	-17.4759577408532	0	0.00617432124150374	-2.77462352406594	0	0.000243419580347926	5000	0	1082999.41933562	0.002	0	0.05	0.006	-5	0.02	0.002	-30	0.01	reduced	rep6
3719	1	3	0.00654360596261788	-3.18704568488421	0	0.00305435638321247	-20.7292088910576	0.0755984309256646	0.000329508919449293	15.6849560570748	0	1087126.23682157	0.002	0	0.05	0.006	-5	0.02	0.002	-30	0.01	full	rep7
4547	1	3	0.00602793099012888	-2.77428636571382	0	0.000254805710129032	802.649418858625	0	0.00332781353040973	-16.4851968767402	0	1087122.80532771	0.002	0	0.05	0.006	-5	0.02	0.002	-30	0.01	reduced	rep7
4013	1	3	0.0043621384155513	-9.43240659195759	0	0.00209002195456405	-160.877597261348	0.0214418469563751	0.00477053384941924	-1.69813663610494	0.0480696847837529	1083044.44737306	0.002	0	0.05	0.006	-5	0.02	0.002	-30	0.01	full	rep8
698	1	3	0.00575106208597641	-2.60226041121323	0	0.00369506186850035	-16.3508330354397	0	0.000240458386419267	5000	0	1083039.64019037	0.002	0	0.05	0.006	-5	0.02	0.002	-30	0.01	reduced	rep8
3960	1	3	0.00648737462341845	-3.33706860623253	0	0.000421787898017272	8.89769161389911	0	0.00292177981456266	-19.7829501587628	0.0842290694101804	1082832.69496734	0.002	0	0.05	0.006	-5	0.02	0.002	-30	0.01	full	rep9
1946	1	3	0.00543040618781052	-2.42899215504211	0	0.000231590335716549	4497.71606596296	0	0.00379656750098021	-13.3069585777738	0	1082829.16327148	0.002	0	0.05	0.006	-5	0.02	0.002	-30	0.01	reduced	rep9
2934	1	3	0.00460904773115264	-8.81902903583769	0	0.00446814727138387	-1.55269276307301	0.0472977444039843	0.00230812565999907	-191.87273223868	0.0612772017789688	1079218.26324145	0.002	0	0.05	0.006	-5	0.02	0.002	-30	0.01	full	rep10
709	1	3	0.000236675867382995	3923.8206104439	0	0.00572578689622213	-2.59728235848423	0	0.00361939310545519	-15.6167742185413	0	1079210.92342608	0.002	0	0.05	0.006	-5	0.02	0.002	-30	0.01	reduced	rep10
4535	1	3	0.00166375545142743	-43.8005779678753	0.040953874371999	0.00227150559309111	0.142676024843392	0.00271386452460415	0.00625617221326326	-5.9897855606759	0.0296151613048321	1087094.70732929	0.002	0	0.05	0.006	-5	0.02	0.002	-30	0.01	full	rep11
608	1	3	0.00532490117406405	-2.34270795121058	0	0.000224696781384058	4682.18129327866	0	0.00402676196148083	-13.5166036550025	0	1087088.33568905	0.002	0	0.05	0.006	-5	0.02	0.002	-30	0.01	reduced	rep11
3116	1	3	0.00650787901046108	-5.41447236565538	0.0331622198837637	0.00191456407459377	0.294360391336204	0.00663004292835603	0.00164477454377904	-42.2256961762379	0.00351135711590968	1081639.40581336	0.002	0	0.05	0.006	-5	0.02	0.002	-30	0.01	full	rep12
1367	1	3	0.00371432757312423	-13.5740003133107	0	0.00552506465967945	-2.52507194279003	0	0.000235641137623493	2854.52260377844	0	1081635.30045508	0.002	0	0.05	0.006	-5	0.02	0.002	-30	0.01	reduced	rep12
3754	1	3	0.00628195218997357	-5.29569593561061	0.033527030554751	0.00194384909235065	-43.7688975138	0.01137786443618	0.00199681922689649	0.18847491262482	0.00522929304027434	1083990.23662963	0.002	0	0.05	0.006	-5	0.02	0.002	-30	0.01	full	rep13
1069	1	3	0.000236227380926874	3448.06914522883	0	0.0059032428302168	-2.63976309463235	0	0.00346056829186949	-16.3919011677906	0	1083984.53572659	0.002	0	0.05	0.006	-5	0.02	0.002	-30	0.01	reduced	rep13
1264	1	3	0.000339163552689302	13.7703270681596	0.0305297696090561	0.00311806086444036	-21.1752350934122	0.0769067995324184	0.0065263395151867	-3.205218138273	0	1086098.67170253	0.002	0	0.05	0.006	-5	0.02	0.002	-30	0.01	full	rep14
1299	1	3	0.000251992366539851	1705.84523489607	0	0.00346051623198892	-15.9454042022655	0	0.00590027098067555	-2.71818908952846	0	1086096.25302654	0.002	0	0.05	0.006	-5	0.02	0.002	-30	0.01	reduced	rep14
4160	1	3	0.00165950896291342	-127.076715037959	0.0298493215345762	0.00425156578121135	-1.41428369402901	0.0511987813704487	0.00482081323591366	-8.37562114888602	0	1084885.06159757	0.002	0	0.05	0.006	-5	0.02	0.002	-30	0.01	full	rep15
875	1	3	0.000233954244137564	4361.99784595001	0	0.0039010311788904	-13.7958607333117	0	0.00540757070975672	-2.40493985090708	0	1084880.67730172	0.002	0	0.05	0.006	-5	0.02	0.002	-30	0.01	reduced	rep15
3800	1	3	0.00643169639212213	-3.27431834701552	0	0.00300724491155611	-19.8293837679016	0.0908125372433768	0.000415940165495863	7.80682779666458	0	1081360.74051417	0.002	0	0.05	0.006	-5	0.02	0.002	-30	0.01	full	rep16
3751	1	3	0.000238066897588577	4965.23737653791	0	0.00341608818472261	-15.481949926069	0	0.00585376976006508	-2.64062768523352	0	1081356.81094403	0.002	0	0.05	0.006	-5	0.02	0.002	-30	0.01	reduced	rep16
4542	1	3	0.00454033241517181	-1.57190592581219	0.0479505092881248	0.00488389786274265	-9.4741487887402	0.00340942382612093	0.0027106689524194	-499.035723486145	0	1086945.34028766	0.002	0	0.05	0.006	-5	0.02	0.002	-30	0.01	full	rep17
4797	1	3	0.0002341148131685	4742.37780230858	0	0.00514786626245892	-2.32770362936291	0	0.0041729765726101	-12.6486629073058	0	1086943.08326087	0.002	0	0.05	0.006	-5	0.02	0.002	-30	0.01	reduced	rep17
2926	1	3	0.00677123228105602	-3.69935074495782	0.0112361105088297	0.00269251429168573	-26.5218764659063	0.0635296466405878	0.000570929389915961	4.81112318594159	0.0374504560445462	1078161.91778666	0.002	0	0.05	0.006	-5	0.02	0.002	-30	0.01	full	rep18
1140	1	3	0.000237537263817424	5000	0	0.00366311623038514	-15.4504700353417	0	0.00565278933967141	-2.53513331355241	0	1078156.32724098	0.002	0	0.05	0.006	-5	0.02	0.002	-30	0.01	reduced	rep18
3512	1	3	0.006672423080532	-4.78208100599629	0.0303775032685173	0.00210390436609166	-35.2986082556698	0.0328336525185534	0.00142345386531446	1.01583576416782	0	1088454.56196408	0.002	0	0.05	0.006	-5	0.02	0.002	-30	0.01	full	rep19
709	1	3	0.000249459323132519	3923.81842912241	0	0.00586367953275164	-2.67205335039533	0	0.00353094694862786	-15.9902422623568	0	1088448.68653776	0.002	0	0.05	0.006	-5	0.02	0.002	-30	0.01	reduced	rep19
4201	1	3	0.00204742608436297	0.193134426012784	0.00302051307504731	0.00635924578721841	-5.51741545440116	0.0353512346036991	0.00173862474359857	-39.8821858769302	0.003017653935036	1087793.53635793	0.002	0	0.05	0.006	-5	0.02	0.002	-30	0.01	full	rep20
1269	1	3	0.00563811757589484	-2.54913565576229	0	0.000238558640615003	1777.12094363567	0	0.00371349330051322	-14.5223069307772	0	1087789.71241068	0.002	0	0.05	0.006	-5	0.02	0.002	-30	0.01	reduced	rep20
4648	1	3	0.00142957127357883	0.291103900640017	0.107180536796814	0.00256718937964452	-21.6279751911649	0	0.00588469460234067	-4.05681438360277	0.0131801002012483	1079111.2217844	0.002	0	0.05	0.006	-5	0.02	0.002	-30	0.01	full	rep21
3276	1	3	0.00369133309485635	-14.7788303493481	0	0.000246567006375115	937.830389224502	0	0.00559335228266113	-2.54980810444415	0	1079110.30953892	0.002	0	0.05	0.006	-5	0.02	0.002	-30	0.01	reduced	rep21
3702	1	3	0.00464633271257888	-1.63483367937112	0.0502411355124927	0.00426229166786798	-8.52733867597283	0	0.00180864345406621	-97.323478599783	0	1085951.18514441	0.002	0	0.05	0.006	-5	0.02	0.002	-30	0.01	full	rep22
1303	1	3	0.000245366185384337	919.74047961444	0	0.00593337778518119	-2.65316208433699	0	0.00348976359533405	-17.1948616890185	0	1085947.15750726	0.002	0	0.05	0.006	-5	0.02	0.002	-30	0.01	reduced	rep22
2194	1	3	0.00300901657826507	-20.3796747220892	0	0.00665521461691718	-2.95206692819	0.0348424848528865	0.00023779342220215	4.85268785439649	0	1082068.61740624	0.002	0	0.05	0.006	-5	0.02	0.002	-30	0.01	full	rep23
746	1	3	0.0031977825585353	-18.5201053743807	0	0.000249637456181883	986.532696705566	0	0.00618320981157608	-2.81020811577503	0	1082067.8181926	0.002	0	0.05	0.006	-5	0.02	0.002	-30	0.01	reduced	rep23
3899	1	3	0.00192792592468572	-30.6310300489161	0.0303143609862426	0.00137111332285801	1.16911177655699	0	0.00668482393676905	-4.77790633321208	0.0303457572098326	1083085.86976221	0.002	0	0.05	0.006	-5	0.02	0.002	-30	0.01	full	rep24
875	1	3	0.000246461419082893	4361.98991802239	0	0.00378020931258626	-13.5327551819882	0	0.00545803936591999	-2.49659631269794	0	1083082.01280918	0.002	0	0.05	0.006	-5	0.02	0.002	-30	0.01	reduced	rep24
4901	1	3	0.00631671066367068	-3.13871156606369	0	0.000383126554209629	9.98083317114403	0	0.00323896439274652	-20.2360810689064	0.0790304185474022	1083213.71749649	0.002	0	0.05	0.006	-5	0.02	0.002	-30	0.01	full	rep25
1738	1	3	0.000239016513024998	4690.39210032246	0	0.00366977914664929	-15.5542190722221	0	0.00567698245307548	-2.51753730534953	0	1083210.70518882	0.002	0	0.05	0.006	-5	0.02	0.002	-30	0.01	reduced	rep25
1164	1	3	0.00172127299910582	0.696916536711984	0.00286821383883751	0.00206931857061463	-31.1569947499245	0.0388759924625824	0.00627919703560931	-5.12191135679219	0.0274435426936156	1080214.68051552	0.002	0	0.05	0.006	-5	0.02	0.002	-30	0.01	full	rep26
1140	1	3	0.000230613497357326	5000	0	0.00394643644651675	-14.2960738981223	0	0.00539838086711659	-2.40728159880852	0	1080210.39693125	0.002	0	0.05	0.006	-5	0.02	0.002	-30	0.01	reduced	rep26
1164	1	3	0.00155554940378838	0.451320127686667	0.00830425361727765	0.00211893762284752	-24.8730513021696	0	0.00622552429263658	-4.58675029237504	0.0375025735779271	1081332.38999175	0.002	0	0.05	0.006	-5	0.02	0.002	-30	0.01	full	rep27
2485	1	3	0.00025118370142162	2350.37763030826	0	0.00576915147744242	-2.67645734117453	0	0.00349634172701921	-14.9146912851195	0	1081331.25189644	0.002	0	0.05	0.006	-5	0.02	0.002	-30	0.01	reduced	rep27
3781	1	3	0.00629930695867646	-3.0808872967754	0	0.00335782240552695	-20.3198624540834	0.0729829076996973	0.00034347334664767	12.5370741369884	0	1084186.05128586	0.002	0	0.05	0.006	-5	0.02	0.002	-30	0.01	full	rep28
1140	1	3	0.00024131422170438	5000	0	0.00370559489836398	-15.8939426091514	0	0.00570534944171213	-2.56457338198689	0	1084183.30786438	0.002	0	0.05	0.006	-5	0.02	0.002	-30	0.01	reduced	rep28
509	1	3	0.00166763902200526	-39.5296634091055	0	0.00444608976409243	-6.98385512691353	0	0.00398202402458056	-1.40183412638039	0.0600362508407994	1080277.37536507	0.002	0	0.05	0.006	-5	0.02	0.002	-30	0.01	full	rep29
1299	1	3	0.000248696143261773	1704.91195934482	0	0.00361936456950271	-15.4740298927544	0	0.00570463916586222	-2.60922671706707	0	1080274.22603329	0.002	0	0.05	0.006	-5	0.02	0.002	-30	0.01	reduced	rep29
4990	1	3	0.00647575149578064	-3.97486177929882	0.0227925581016354	0.0009465871873474	1.89018432678655	0.00399670845643689	0.00233018850909941	-20.5947256133174	0.0482991265678224	1082433.78166991	0.002	0	0.05	0.006	-5	0.02	0.002	-30	0.01	full	rep30
875	1	3	0.000241058822494588	4361.99166602624	0	0.00345344716284576	-13.9639799784037	0	0.00571285412902469	-2.58405442712365	0	1082431.63083984	0.002	0	0.05	0.006	-5	0.02	0.002	-30	0.01	reduced	rep30
1219	1	3	0.0046322505862085	-1.62361316764709	0.0500589364277003	0.00416790095272115	-491.734868026911	0.0207256512627666	0.00460748686252639	-8.98386462469912	0	1090109.26578604	0.002	0	0.05	0.006	-5	0.02	0.002	-30	0.01	full	rep31
4173	1	3	0.00024166734519596	4291.74407288934	0	0.00565515920622704	-2.54349959016696	0	0.00369238044307716	-14.5529306185596	0	1090104.01621484	0.002	0	0.05	0.006	-5	0.02	0.002	-30	0.01	reduced	rep31
3356	1	3	0.00650958334551847	-4.19079757669966	0.0253682075494289	0.00220395345307453	-27.2364537504801	0.0231308104144275	0.00116225491621465	1.13791207748839	0.0275852067972188	1076896.86270484	0.002	0	0.05	0.006	-5	0.02	0.002	-30	0.01	full	rep32
3605	1	3	0.00328033922001641	-16.1821935416078	0	0.000240331714478247	2129.20072437811	0	0.00594600619342245	-2.68021627147031	0	1076893.88391017	0.002	0	0.05	0.006	-5	0.02	0.002	-30	0.01	reduced	rep32
4984	1	3	0.00167662502171555	0.0981648152978136	0.13182041828052	0.00197727815705613	-25.8073060238181	0	0.00622051412429969	-4.59177994218379	0	1083743.56648597	0.002	0	0.05	0.006	-5	0.02	0.002	-30	0.01	full	rep33
2872	1	3	0.00386943481282491	-12.6961968643583	0	0.000243904736169968	698.845194713615	0	0.00534238097517994	-2.46286931511927	0	1083741.15973023	0.002	0	0.05	0.006	-5	0.02	0.002	-30	0.01	reduced	rep33
4784	1	3	0.000405661999251177	11.4350043874891	0	0.00272468336790583	-26.2285677040151	0.0918248870858891	0.00680736726980047	-3.45439607648756	0	1077719.07862757	0.002	0	0.05	0.006	-5	0.02	0.002	-30	0.01	full	rep34
4266	1	3	0.00338971811096956	-15.8292012343786	0	0.000239210806421393	1589.12719089695	0	0.00585704781470527	-2.6340890254402	0	1077710.8397832	0.002	0	0.05	0.006	-5	0.02	0.002	-30	0.01	reduced	rep34
631	1	3	0.00398734536435153	-1.42031788214094	0.0586843717211615	0.00151094533007723	-62.8552192999045	0	0.00476049223378357	-7.11659808046284	0	1085320.38748415	0.002	0	0.05	0.006	-5	0.02	0.002	-30	0.01	full	rep35
1883	1	3	0.00577198585300658	-2.6358261122164	0	0.00349815507625624	-14.5806490444507	0	0.000242547639242452	2441.33247381494	0	1085315.59169588	0.002	0	0.05	0.006	-5	0.02	0.002	-30	0.01	reduced	rep35
3327	1	3	0.0022093780070518	-36.7369188575087	0.0167061265304267	0.00113512756711911	1.41824271654936	0.00629540769742918	0.00674354782812358	-4.33004895735605	0.0298103432077939	1076540.31273101	0.002	0	0.05	0.006	-5	0.02	0.002	-30	0.01	full	rep36
4437	1	3	0.00598196665110235	-2.67883765505716	0	0.000243636719815976	2110.34457135998	0	0.00330703730250398	-17.3700559225826	0	1076535.27815869	0.002	0	0.05	0.006	-5	0.02	0.002	-30	0.01	reduced	rep36
2387	1	3	0.0046837213714957	-7.54897307004551	0	0.001553374877196	-80.9688660963512	0.00793655277798371	0.00411003745118181	-1.45186525346739	0.0554195025041484	1076355.97781769	0.002	0	0.05	0.006	-5	0.02	0.002	-30	0.01	full	rep37
3281	1	3	0.00353285998129073	-14.6572523550546	0	0.000238202548312809	4953.80938698882	0	0.0056866955416978	-2.59398116137592	0	1076351.58344615	0.002	0	0.05	0.006	-5	0.02	0.002	-30	0.01	reduced	rep37
2109	1	3	0.00285988561746434	-24.4044386908752	0.024091934416386	0.000871835411445654	1.77092837917986	0	0.00632283964297478	-3.66849605659297	0.0298159344429017	1082123.11574151	0.002	0	0.05	0.006	-5	0.02	0.002	-30	0.01	full	rep38
2481	1	3	0.00591578923305826	-2.61446006218453	0	0.000243135193175444	5000	0	0.00352543932226383	-18.0512431767757	0	1082121.46436248	0.002	0	0.05	0.006	-5	0.02	0.002	-30	0.01	reduced	rep38
1117	1	3	0.00413828156880554	-8.07250704619964	0	0.00139835802059272	-41.2817807106193	0.006441163741457	0.00453916919651378	-1.62819039096179	0.0505522299247815	1085098.3864319	0.002	0	0.05	0.006	-5	0.02	0.002	-30	0.01	full	rep39
2481	1	3	0.00571952667903693	-2.57906745428994	0	0.000237326620445249	5000	0	0.00363777794292045	-15.1984007825212	0	1085096.73925291	0.002	0	0.05	0.006	-5	0.02	0.002	-30	0.01	reduced	rep39
1433	1	3	0.00437376765239413	-1.49405495785561	0.0500087759222597	0.00345442056995354	-500	0.111048170894773	0.00491071216315162	-8.76853187286983	0	1087103.71076674	0.002	0	0.05	0.006	-5	0.02	0.002	-30	0.01	full	rep40
2207	1	3	0.00551239303299206	-2.5246067358158	0	0.000245578067034005	5000	0	0.0037455276804298	-13.4459739647469	0	1087097.12618424	0.002	0	0.05	0.006	-5	0.02	0.002	-30	0.01	reduced	rep40
4144	1	3	0.0031262657704713	-22.5406152932861	0.0534212317093986	0.00657530414929056	-3.16305823011884	0.00886193967037726	0.000320238632761593	12.0152979646212	0	1083056.83683802	0.002	0	0.05	0.006	-5	0.02	0.002	-30	0.01	full	rep41
2333	1	3	0.00586444912462405	-2.64089002419135	0	0.00356517701960022	-16.8329553355255	0	0.000239832610890323	1261.47378652306	0	1083051.80229024	0.002	0	0.05	0.006	-5	0.02	0.002	-30	0.01	reduced	rep41
2052	1	3	0.00463350577681186	-6.16046746484477	0	0.00202932485758426	-34.2548457110259	0	0.00351362206206238	-1.19601722931689	0.0653304062880844	1084051.49787794	0.002	0	0.05	0.006	-5	0.02	0.002	-30	0.01	full	rep42
2928	1	3	0.00369896599031343	-16.2163684269089	0	0.000242251494223266	1363.03304427253	0	0.00574938463467915	-2.60913326954898	0	1084047.89853345	0.002	0	0.05	0.006	-5	0.02	0.002	-30	0.01	reduced	rep42
3462	1	3	0.000442711219527974	10.850034743742	0	0.00288765648661314	-32.1865694259103	0.0992556651140275	0.00696609030138581	-3.54198953185767	0	1092177.37727354	0.002	0	0.05	0.006	-5	0.02	0.002	-30	0.01	full	rep43
4608	1	3	0.00604634883681335	-2.66701905442096	0	0.000245605692762912	5000	0	0.00342501212394228	-17.9320751887157	0	1092165.67500628	0.002	0	0.05	0.006	-5	0.02	0.002	-30	0.01	reduced	rep43
3106	1	3	0.00566792949478116	-5.05907881091684	0	0.00191612074903092	-28.3496271650067	0	0.0023386329638486	-0.50240172699988	0.0970531123687688	1083620.24740539	0.002	0	0.05	0.006	-5	0.02	0.002	-30	0.01	full	rep44
4552	1	3	0.00563352823256748	-2.59476230765643	0	0.000252834673264903	480.179379779094	0	0.00361558204958812	-14.1698537945115	0	1083617.58142088	0.002	0	0.05	0.006	-5	0.02	0.002	-30	0.01	reduced	rep44
4704	1	3	0.00202330478367915	-22.4889162397368	0	0.00418609449939946	-1.51492610867304	0.0566182379627856	0.0036785022495004	-6.66296992262864	0	1083935.00179863	0.002	0	0.05	0.006	-5	0.02	0.002	-30	0.01	full	rep45
2319	1	3	0.000242654731309726	2001.73357730637	0	0.00372950956348104	-14.6238889987215	0	0.00559909300061195	-2.54326817845435	0	1083934.33341342	0.002	0	0.05	0.006	-5	0.02	0.002	-30	0.01	reduced	rep45
2803	1	3	0.000374658425709099	3.62356249315654	0.131117682750063	0.00645566940856447	-3.05823868182732	0.0270863614489815	0.00320271882484249	-20.646983374434	0	1086060.88612883	0.002	0	0.05	0.006	-5	0.02	0.002	-30	0.01	full	rep46
4731	1	3	0.000244372459091218	831.194910341854	0	0.00588962285018686	-2.63401030799553	0	0.00361065478927358	-17.5787248924372	0	1086059.55766091	0.002	0	0.05	0.006	-5	0.02	0.002	-30	0.01	reduced	rep46
843	1	3	0.00132727093492936	1.09859363771143	0.00743180340032012	0.00661703505199671	-4.54988102458333	0.0297792261884061	0.0020158740642129	-33.0911840303331	0.0170358216397021	1078087.50478465	0.002	0	0.05	0.006	-5	0.02	0.002	-30	0.01	full	rep47
2616	1	3	0.00567351882364256	-2.52982718091796	0	0.000237103536043736	5000	0	0.00352918819668916	-14.7272272296288	0	1078082.66301707	0.002	0	0.05	0.006	-5	0.02	0.002	-30	0.01	reduced	rep47
3198	1	3	0.00666999265755384	-3.34524794639864	0	0.000437443866692412	4.57867345445308	0.48124652255418	0.00270049560377529	-19.9374550587854	0	1084209.69084182	0.002	0	0.05	0.006	-5	0.02	0.002	-30	0.01	full	rep48
2706	1	3	0.00358747676802854	-14.3299932120423	0	0.00566608202768844	-2.54262180004715	0	0.000238414721702034	773.654827656735	0	1084205.25321204	0.002	0	0.05	0.006	-5	0.02	0.002	-30	0.01	reduced	rep48
688	1	3	0.00231622464065483	-23.1999287014313	0	0.00327798762711611	-1.08518209535513	0.0703700460679441	0.00427873949428007	-5.36065320556536	0	1079131.46809957	0.002	0	0.05	0.006	-5	0.02	0.002	-30	0.01	full	rep49
3840	1	3	0.00367767636299875	-15.3501940426155	0	0.000243619960163228	1006.20551189864	0	0.00561902489281004	-2.50489851507013	0	1079130.56294236	0.002	0	0.05	0.006	-5	0.02	0.002	-30	0.01	reduced	rep49
1362	1	3	0.00468011791049222	-8.55261828709185	0	0.0044077543231811	-1.51588874715744	0.0524274822473153	0.00185700814576229	-167.725374899962	0	1081946.61768237	0.002	0	0.05	0.006	-5	0.02	0.002	-30	0.01	full	rep50
1694	1	3	0.00555930572272307	-2.5249833660613	0	0.000247897323123559	544.39106497514	0	0.00369806148735631	-14.2471988978183	0	1081944.20120819	0.002	0	0.05	0.006	-5	0.02	0.002	-30	0.01	reduced	rep50
1460	1	3	0.000181958161638831	14.8818362474968	0.00393101480687521	0.00639630141643687	-2.78190360634805	0.0247242817551851	0.00323051714584167	-17.8485024999241	0.0134213496977718	1083201.80134098	0.002	0	0.05	0.006	-5	0.02	0.002	-30	0.01	full	rep51
1694	1	3	0.00589061042479334	-2.67249806744267	0	0.000247280073997998	544.413459425796	0	0.00342102356984795	-15.9488078677972	0	1083198.61530195	0.002	0	0.05	0.006	-5	0.02	0.002	-30	0.01	reduced	rep51
3330	1	3	0.00277092738049358	-24.7257456818451	0.0889262292168057	0.000468612925370767	8.79315434148113	0.0129609313119093	0.00674725003762584	-3.54307207297438	0	1083970.97527596	0.002	0	0.05	0.006	-5	0.02	0.002	-30	0.01	full	rep52
1382	1	3	0.000230550049739457	4373.06903508556	0	0.00381918112217237	-13.9604095252028	0	0.00546812090047585	-2.41401307494854	0	1083962.72998513	0.002	0	0.05	0.006	-5	0.02	0.002	-30	0.01	reduced	rep52
3801	1	3	0.000643161157884775	4.42291178825425	0	0.00587040660800632	-3.43175003958181	0	0.00329853333441181	-15.4471262427046	0.0787835410749785	1088474.41101985	0.002	0	0.05	0.006	-5	0.02	0.002	-30	0.01	full	rep53
4383	1	3	0.00431968219858058	-11.9335663168149	0	0.00495168629913937	-2.17765678538006	0	0.000230341049490691	4869.61670088938	0	1088471.19244077	0.002	0	0.05	0.006	-5	0.02	0.002	-30	0.01	reduced	rep53
2375	1	3	0.00677350645041237	-3.95867075856962	0	0.00234954298906694	-25.3510884582523	0.0318867712059457	0.00081229884387576	2.32457217765018	0.208347415425677	1082281.57780718	0.002	0	0.05	0.006	-5	0.02	0.002	-30	0.01	full	rep54
744	1	3	0.0002408399875049	1655.61027636289	0	0.0055345046999056	-2.50360725817798	0	0.00372534241545711	-14.0352280999813	0	1082276.09004031	0.002	0	0.05	0.006	-5	0.02	0.002	-30	0.01	reduced	rep54
1476	1	3	0.000807613140988248	1.70751943318511	0.00982499854063419	0.00678696631789676	-3.81923860889247	0.0332541250437192	0.00240575854195841	-27.6234297472331	0	1082361.73246658	0.002	0	0.05	0.006	-5	0.02	0.002	-30	0.01	full	rep55
2183	1	3	0.00617881054757221	-2.80817369503548	0	0.000247234900740649	1915.35459432516	0	0.00318157048772755	-18.1382043293078	0	1082358.80575805	0.002	0	0.05	0.006	-5	0.02	0.002	-30	0.01	reduced	rep55
363	1	3	0.00256502568828537	-0.292213538590283	0	0.00216169187492999	-68.2085275825265	0	0.00591818959798143	-5.89936522204945	0.041987674159625	1085598.73195842	0.002	0	0.05	0.006	-5	0.02	0.002	-30	0.01	full	rep56
649	1	3	0.00328638907120116	-19.6349930703503	0	0.000246252548177765	3202.3627562991	0	0.00618749738449424	-2.75327350958369	0	1085592.02526222	0.002	0	0.05	0.006	-5	0.02	0.002	-30	0.01	reduced	rep56
3101	1	3	0.00469306023182503	-1.65076881524706	0.0495769275301253	0.000769505567454076	-31.9592092739312	0	0.00436313753337513	-9.29573192639492	0	1084684.11896974	0.002	0	0.05	0.006	-5	0.02	0.002	-30	0.01	full	rep57
3584	1	3	0.000234019610408636	3466.47432298924	0	0.00413602340307012	-12.5328518679465	0	0.00513433146836902	-2.30772234448878	0	1084683.78607581	0.002	0	0.05	0.006	-5	0.02	0.002	-30	0.01	reduced	rep57
4357	1	3	0.00693334539527515	-5.03413720655121	0.0337069502773616	0.0015865004183326	-51.2798500357986	0.011499334779775	0.00154532059582829	0.788513564616142	0	1084187.84893735	0.002	0	0.05	0.006	-5	0.02	0.002	-30	0.01	full	rep58
2230	1	3	0.00337040191250584	-13.4385139695468	0	0.000249443251559311	2996.97554494708	0	0.00573847890219411	-2.62927210657325	0	1084182.30118089	0.002	0	0.05	0.006	-5	0.02	0.002	-30	0.01	reduced	rep58
1269	1	3	0.0058772574578143	-5.76403743063599	0.0386734732431493	0.00166181705471884	-28.9471753425268	0.00196706543274831	0.00235069060996428	-0.0945562340273058	0.00411026156637999	1079486.0412028	0.002	0	0.05	0.006	-5	0.02	0.002	-30	0.01	full	rep59
3722	1	3	0.00536754047647272	-2.43140418817495	0	0.000237845236274276	1987.88661266514	0	0.00387656975930734	-13.4863595188156	0	1079484.43939668	0.002	0	0.05	0.006	-5	0.02	0.002	-30	0.01	reduced	rep59
1923	1	3	0.0016396508696287	-470.608102464837	0.028547406149305	0.00489448017408022	-1.68909179115786	0.0480624279718719	0.00466292557211496	-10.528269227815	0	1089623.45812118	0.002	0	0.05	0.006	-5	0.02	0.002	-30	0.01	full	rep60
3598	1	3	0.00416794800021564	-12.8327329759354	0	0.00515303935799708	-2.28211244234524	0	0.000238218379141648	4740.48573557944	0	1089622.40045012	0.002	0	0.05	0.006	-5	0.02	0.002	-30	0.01	reduced	rep60
615	1	3	0.00641861404133073	-5.37132266893638	0.0338276731644584	0.00194062706105559	0.298661571599522	0.00394075564887422	0.00157082351136085	-32.1053431236531	0.0107560951522429	1088269.417943	0.002	0	0.05	0.006	-5	0.02	0.002	-30	0.01	full	rep61
1732	1	3	0.00537221643609075	-2.43375055061738	0	0.000236062006354201	4339.8991799923	0	0.00385537615556749	-12.6070010469519	0	1088266.96862083	0.002	0	0.05	0.006	-5	0.02	0.002	-30	0.01	reduced	rep61
1435	1	3	0.00661925549964493	-5.14617835953572	0.0303156665499501	0.00167059518881942	0.76747195462372	0.0053688670527444	0.0019578665398064	-41.2791572924145	0.0239778206517985	1089276.72659341	0.002	0	0.05	0.006	-5	0.02	0.002	-30	0.01	full	rep62
1256	1	3	0.0055313546869527	-2.46755567602433	0	0.00024186587805271	4398.87874969764	0	0.00382587828695198	-14.3929743899953	0	1089270.02564599	0.002	0	0.05	0.006	-5	0.02	0.002	-30	0.01	reduced	rep62
2959	1	3	0.00657278066105866	-3.32251004976123	0	0.00312111219377612	-24.0187476179389	0.0613636136174188	0.000410665682852592	7.89377770103207	0.208897575011064	1081910.37510497	0.002	0	0.05	0.006	-5	0.02	0.002	-30	0.01	full	rep63
3146	1	3	0.00603392953030166	-2.73471227461833	0	0.00343926071406217	-18.7259723536451	0	0.00025066370001277	4646.44975212136	0	1081906.96531633	0.002	0	0.05	0.006	-5	0.02	0.002	-30	0.01	reduced	rep63
3064	1	3	0.00272558789614392	-21.2713323389328	0.0767883070349392	0.000546270227534904	5.43713648907223	0	0.00663006574061964	-3.65720431969691	0.00851320916745474	1081363.1017937	0.002	0	0.05	0.006	-5	0.02	0.002	-30	0.01	full	rep64
1530	1	3	0.00384804498667275	-13.4973731429424	0	0.00541506350619338	-2.47267402736461	0	0.000238057594986028	4037.67407766445	0	1081358.58937421	0.002	0	0.05	0.006	-5	0.02	0.002	-30	0.01	reduced	rep64
4501	1	3	0.00343048093684489	-16.7947635067954	0	0.00631942693668058	-2.6071783708797	0.0370604876697328	0.000109634624388047	7.70187419215978	0.0139725713932823	1083418.51919819	0.002	0	0.05	0.006	-5	0.02	0.002	-30	0.01	full	rep65
3228	1	3	0.0033775057517368	-16.8943583186257	0	0.00600095246394157	-2.7391195239639	0	0.00024456276213987	5000	0	1083418.13952511	0.002	0	0.05	0.006	-5	0.02	0.002	-30	0.01	reduced	rep65
4873	1	3	0.00632525923064436	-4.95695182205653	0.033157470453872	0.00184366049723743	0.177192071736665	0.0163653638864127	0.00189750155633002	-36.8214312560527	0	1084762.79884193	0.002	0	0.05	0.006	-5	0.02	0.002	-30	0.01	full	rep66
4582	1	3	0.00602246645830299	-2.7292104376293	0	0.000245964906312842	2270.76027976469	0	0.00327880148717909	-16.3585630478854	0	1084759.79428899	0.002	0	0.05	0.006	-5	0.02	0.002	-30	0.01	reduced	rep66
3610	1	3	0.00469128819472355	-1.59595152156453	0.0485375307537656	0.002132119930636	-458.834523195587	0	0.00472084339043754	-9.85918818597451	0.00524325742439074	1083921.925336	0.002	0	0.05	0.006	-5	0.02	0.002	-30	0.01	full	rep67
3228	1	3	0.00400089690571679	-13.0830197135058	0	0.0052339948819809	-2.35361292963248	0	0.000249950654059738	5000	0	1083920.50434289	0.002	0	0.05	0.006	-5	0.02	0.002	-30	0.01	reduced	rep67
3949	1	3	0.00118451203617316	-71.8113409797143	0.0283748413049437	0.00487555845544977	-1.80112244648682	0.0482043235541856	0.00410811556514447	-8.71953509683619	0	1084955.43436209	0.002	0	0.05	0.006	-5	0.02	0.002	-30	0.01	full	rep68
1198	1	3	0.0032109836416665	-15.859410123856	0	0.00024727900774056	4997.63154041162	0	0.0060483268638225	-2.76734270894558	0	1084953.2372006	0.002	0	0.05	0.006	-5	0.02	0.002	-30	0.01	reduced	rep68
4902	1	3	0.0061932022368746	-5.06743195578743	0.0342582785086778	0.00176007202051757	0.476626997057813	0.00315066784337484	0.0018527107447541	-23.0603296011677	0.0247283553261873	1080984.50342248	0.002	0	0.05	0.006	-5	0.02	0.002	-30	0.01	full	rep69
3697	1	3	0.0053370089022377	-2.48694156044357	0	0.00024950136170536	4788.21290024465	0	0.00384706031009826	-12.7516414144364	0	1080982.48236036	0.002	0	0.05	0.006	-5	0.02	0.002	-30	0.01	reduced	rep69
1631	1	3	0.000636736000777464	3.28808653116529	0.0817657536573216	0.00242075859975807	-26.912388616571	0.0174548687878161	0.00692316226129883	-3.76629587954892	0.020830044059171	1083614.44223494	0.002	0	0.05	0.006	-5	0.02	0.002	-30	0.01	full	rep70
3415	1	3	0.000257505213285104	579.465439946516	0	0.00588761486903849	-2.6772808741089	0	0.00341157230140542	-16.1398420571545	0	1083609.53765939	0.002	0	0.05	0.006	-5	0.02	0.002	-30	0.01	reduced	rep70
776	1	3	0.00596127402878839	-3.77505949403777	0	0.00258365363522845	-20.9971280260517	0	0.00129027340789163	0.154621104085013	0.176097218110178	1081138.05524142	0.002	0	0.05	0.006	-5	0.02	0.002	-30	0.01	full	rep71
559	1	3	0.00585637015270106	-2.66902436978597	0	0.000248912080511866	567.050496722501	0	0.00342255309927916	-15.6994052008523	0	1081137.26994489	0.002	0	0.05	0.006	-5	0.02	0.002	-30	0.01	reduced	rep71
3076	1	3	0.00705791362469459	-4.95185256370549	0.0301206510873806	0.00187817264660495	-50.543220642302	0.0110889936104018	0.00130535046508219	1.39207149120325	0.0050159054134699	1079553.61800913	0.002	0	0.05	0.006	-5	0.02	0.002	-30	0.01	full	rep72
2998	1	3	0.00380788169133843	-13.2964216853202	0	0.00539865569846398	-2.50166672828228	0	0.000250494527930086	793.084865985887	0	1079543.76160782	0.002	0	0.05	0.006	-5	0.02	0.002	-30	0.01	reduced	rep72
1237	1	3	0.00251211381093874	-0.0823917962065834	0.00263420503981397	0.0064443652153103	-6.60821290720362	0.0340830822052768	0.00121362072048586	-73.2310306171555	0.0124957337140216	1083960.8638091	0.002	0	0.05	0.006	-5	0.02	0.002	-30	0.01	full	rep73
3773	1	3	0.00493394136466956	-2.2035422506337	0	0.00427158314834768	-11.5459153412188	0	0.000225494018451536	5000	0	1083956.64465234	0.002	0	0.05	0.006	-5	0.02	0.002	-30	0.01	reduced	rep73
623	1	3	0.00660278720509081	-3.38500278363273	0	0.00308768565774586	-25.2391840390932	0.0847295671589191	0.000423849074917914	9.65159830653197	0.00474341168689923	1081556.83121426	0.002	0	0.05	0.006	-5	0.02	0.002	-30	0.01	full	rep74
3428	1	3	0.00361445727551429	-17.1841576077781	0	0.000236940031755588	2604.79247041217	0	0.00583364074464024	-2.60068347835056	0	1081550.30986388	0.002	0	0.05	0.006	-5	0.02	0.002	-30	0.01	reduced	rep74
4746	1	3	0.00515671125895514	-4.57958531022293	0	0.00235669592799276	-0.69548658785499	0.0999079617642293	0.00237255141036849	-22.7429449334925	0	1081357.38723232	0.002	0	0.05	0.006	-5	0.02	0.002	-30	0.01	full	rep75
2754	1	3	0.00355798836131445	-15.1568683616496	0	0.000249431204123375	1108.79431651032	0	0.00572953491011932	-2.62189773323881	0	1081356.09806217	0.002	0	0.05	0.006	-5	0.02	0.002	-30	0.01	reduced	rep75
3598	1	3	0.00575504295391237	-5.75790812375632	0.0421615111495241	0.00183380672071847	-32.9479243871899	0	0.00246590265408723	-0.278367085827538	0	1081251.21034003	0.002	0	0.05	0.006	-5	0.02	0.002	-30	0.01	full	rep76
4529	1	3	0.00575787238127197	-2.62072362367466	0	0.00023745737107614	4751.88293659996	0	0.00360936579635212	-15.6640412953589	0	1081248.94414476	0.002	0	0.05	0.006	-5	0.02	0.002	-30	0.01	reduced	rep76
4925	1	3	0.00175803627379672	-49.2763418015854	0	0.0060428601222649	-5.91276939449864	0.0358292528706676	0.00242721557264711	-0.0721328772244708	0.00400296132716259	1085430.10485145	0.002	0	0.05	0.006	-5	0.02	0.002	-30	0.01	full	rep77
618	1	3	0.00555240795524149	-2.41288381525225	0	0.00377268365506553	-14.6448556268778	0	0.000228674883860014	1780.75467467457	0	1085424.23884787	0.002	0	0.05	0.006	-5	0.02	0.002	-30	0.01	reduced	rep77
3416	1	3	0.000358338514008538	13.3812618543673	0	0.00320180356325899	-21.7706867955132	0.0754096871820556	0.00645944997596735	-3.21257969563989	0	1083608.09264148	0.002	0	0.05	0.006	-5	0.02	0.002	-30	0.01	full	rep78
2754	1	3	0.00361870155323629	-16.1567833322811	0	0.000249844695820034	1108.81257732815	0	0.00578261689968326	-2.64123736269322	0	1083604.53650218	0.002	0	0.05	0.006	-5	0.02	0.002	-30	0.01	reduced	rep78
4125	1	3	0.00330535166983838	-18.2112681591632	0.076884923622217	0.00621870491272546	-3.07416056902738	0	0.000367672313706381	9.40558382550815	0	1086178.57046584	0.002	0	0.05	0.006	-5	0.02	0.002	-30	0.01	full	rep79
3422	1	3	0.00567256602585308	-2.53684111569878	0	0.000236970668591434	4623.79130297857	0	0.00366297457282305	-14.8742277513866	0	1086176.91727687	0.002	0	0.05	0.006	-5	0.02	0.002	-30	0.01	reduced	rep79
2331	1	3	0.00269668442505291	-23.3952064066306	0	0.00175034487487155	-0.313280226145187	0.126123090345602	0.00551740406503593	-4.03747068691155	0	1077587.94852962	0.002	0	0.05	0.006	-5	0.02	0.002	-30	0.01	full	rep80
336	1	3	0.000232352753146861	2337.75710798955	0	0.00575988933339368	-2.58236404021755	0	0.00362236723954592	-16.3688770313654	0	1077586.1997742	0.002	0	0.05	0.006	-5	0.02	0.002	-30	0.01	reduced	rep80
4794	1	3	0.00611989385356644	-5.10726493335611	0.0351624448147555	0.00195177428269246	0.206099037545087	0	0.00191901540767698	-38.1641003957256	0	1073142.21928432	0.002	0	0.05	0.006	-5	0.02	0.002	-30	0.01	full	rep81
2383	1	3	0.000220591635542401	2871.12878720241	0	0.00348743600120373	-15.6003151797513	0	0.00574564910370115	-2.51943150895182	0	1073137.60355028	0.002	0	0.05	0.006	-5	0.02	0.002	-30	0.01	reduced	rep81
1807	1	3	0.00463368795293994	-471.54579358704	0.0444448056752724	0.00428072683847107	-1.40936473201235	0.0512006647282029	0.00487319380009936	-8.61264233541925	0	1084981.1419624	0.002	0	0.05	0.006	-5	0.02	0.002	-30	0.01	full	rep82
214	1	3	0.00391119182344513	-14.1034078576524	0	0.00541864487570259	-2.41181833631897	0	0.000238350816086844	4736.68271647324	0	1084972.7870549	0.002	0	0.05	0.006	-5	0.02	0.002	-30	0.01	reduced	rep82
2959	1	3	0.00215571181429429	-143.104499650908	0.00811895526450544	0.0049245538967144	-1.76332233566922	0.0470355939024439	0.00407060344879516	-9.26183192895385	0	1083017.60827644	0.002	0	0.05	0.006	-5	0.02	0.002	-30	0.01	full	rep83
4823	1	3	0.00023958125562029	3923.27540568618	0	0.00600724399596861	-2.68057794562085	0	0.00344742048918343	-18.1537527384075	0	1083013.40687765	0.002	0	0.05	0.006	-5	0.02	0.002	-30	0.01	reduced	rep83
3373	1	3	0.000912535092811387	1.21608077009795	0.00523388951133082	0.00632017506913652	-3.66259428769857	0.0360771186726487	0.00273445395976259	-22.2139551345271	0	1084920.94205915	0.002	0	0.05	0.006	-5	0.02	0.002	-30	0.01	full	rep84
929	1	3	0.00343859572744905	-17.0963977459105	0	0.000242323810441578	1751.83321179455	0	0.00596891865805417	-2.68516022998502	0	1084919.75387604	0.002	0	0.05	0.006	-5	0.02	0.002	-30	0.01	reduced	rep84
460	1	3	0.00360743025256745	-8.45739211016994	0	0.00160529644861763	-49.2227283481621	0	0.00499614160082209	-1.84611407539564	0.0486850326911364	1082663.7661243	0.002	0	0.05	0.006	-5	0.02	0.002	-30	0.01	full	rep85
2871	1	3	0.000247672228446261	2017.6040909521	0	0.00615651848659879	-2.78080298609117	0	0.00325108975327863	-18.6897717104858	0	1082662.06554047	0.002	0	0.05	0.006	-5	0.02	0.002	-30	0.01	reduced	rep85
691	1	3	0.00666441272285557	-5.56029676361617	0.0358767398312389	0.00180942656629745	-67.7344655412245	0	0.0019847430756229	0.293594616767524	0.00236050595519839	1091027.02329101	0.002	0	0.05	0.006	-5	0.02	0.002	-30	0.01	full	rep86
1437	1	3	0.000252089549158308	1236.68026371982	0	0.0034452181305915	-15.1627178287353	0	0.00586920557212756	-2.66795720699338	0	1091020.05513551	0.002	0	0.05	0.006	-5	0.02	0.002	-30	0.01	reduced	rep86
3876	1	3	0.00511166059280889	-1.85434427907987	0.0468517582631183	0.0037779672957262	-9.46763823741281	0	0.00131515291091364	-53.7048775697826	0	1085884.79137936	0.002	0	0.05	0.006	-5	0.02	0.002	-30	0.01	full	rep87
247	1	3	0.00349336689709129	-16.8909633747733	0	0.000241867327115568	3072.61974252246	0	0.00592248530056678	-2.65525355937601	0	1085882.9268959	0.002	0	0.05	0.006	-5	0.02	0.002	-30	0.01	reduced	rep87
786	1	3	0.00168571600978556	-27.7439632299659	0.0213805753201126	0.00274445268146874	-0.381911089931973	0.00912039214607056	0.00542330298981551	-5.98739253269727	0.0355818544346954	1082382.39705425	0.002	0	0.05	0.006	-5	0.02	0.002	-30	0.01	full	rep88
1383	1	3	0.0036879439340268	-14.2886121625096	0	0.00555147914698242	-2.43983983823848	0	0.000234816406445643	4882.03295109616	0	1082379.71696942	0.002	0	0.05	0.006	-5	0.02	0.002	-30	0.01	reduced	rep88
1831	1	3	0.00622288714211836	-4.22751264179986	0.0287050315516603	0.00122070330692296	1.23656846582117	0.00437414046894992	0.0022838963931169	-19.7671028311418	0.0292840756622234	1080969.29852034	0.002	0	0.05	0.006	-5	0.02	0.002	-30	0.01	full	rep89
698	1	3	0.00535917671355121	-2.41449148033359	0	0.00378896509840472	-12.7971224418637	0	0.000239260804398604	5000	0	1080967.96121085	0.002	0	0.05	0.006	-5	0.02	0.002	-30	0.01	reduced	rep89
2520	1	3	0.00460254945553677	-9.1561005767439	0	0.00460002949492925	-1.57230245772362	0.0497871520271835	0.00094408203703293	-76.4817604365441	0.0125207025865851	1088088.99897265	0.002	0	0.05	0.006	-5	0.02	0.002	-30	0.01	full	rep90
1301	1	3	0.00402485128080118	-13.0991819701483	0	0.00527236724911132	-2.33569145060314	0	0.000235709018074562	4045.32322809907	0	1088087.50325677	0.002	0	0.05	0.006	-5	0.02	0.002	-30	0.01	reduced	rep90
4862	1	3	0.00274990867550277	-471.432225002842	0.045830734715039	0.00459738476571271	-9.95986041379007	0	0.00475287945478941	-1.64114577566737	0.0473484734148208	1080972.86508229	0.002	0	0.05	0.006	-5	0.02	0.002	-30	0.01	full	rep91
180	1	3	0.000234795036129701	4691.14481312916	0	0.00530766035636101	-2.3659009828334	0	0.00396925257458729	-13.556721390832	0	1080969.95502635	0.002	0	0.05	0.006	-5	0.02	0.002	-30	0.01	reduced	rep91
3582	1	3	0.00416192184798796	-483.955523324276	0	0.00464916396119603	-9.76463690009771	0	0.00467251217671589	-1.57646717636881	0.0467144169438277	1088706.38302276	0.002	0	0.05	0.006	-5	0.02	0.002	-30	0.01	full	rep92
4943	1	3	0.00532575071148933	-2.31002945397514	0	0.000224345214743111	1862.94503034637	0	0.00413793083791577	-14.3400865741802	0	1088700.64451602	0.002	0	0.05	0.006	-5	0.02	0.002	-30	0.01	reduced	rep92
2487	1	3	0.00205945080487119	-33.461667747209	0.0290666669763716	0.00129030759379362	0.94901670704754	0.152776552034224	0.00675108509350726	-4.54190682558784	0	1085315.81027825	0.002	0	0.05	0.006	-5	0.02	0.002	-30	0.01	full	rep93
4962	1	3	0.00546795606326156	-2.51630340053147	0	0.000250304561634592	2603.72617753277	0	0.00380934080637038	-13.6553864722048	0	1085309.4692308	0.002	0	0.05	0.006	-5	0.02	0.002	-30	0.01	reduced	rep93
4287	1	3	0.00193950618281532	-78.4566921511977	0	0.00581769268168886	-5.93736853558441	0	0.00281702594330438	-0.742625723416707	0.0796325800405517	1084853.60923776	0.002	0	0.05	0.006	-5	0.02	0.002	-30	0.01	full	rep94
753	1	3	0.000243759834317203	1163.1203108031	0	0.00360650289501714	-14.3464898618753	0	0.00566994671039039	-2.58529921171979	0	1084845.31174928	0.002	0	0.05	0.006	-5	0.02	0.002	-30	0.01	reduced	rep94
2779	1	3	0.000439440440100267	4.69169452207992	0.00274687151440788	0.0064444975742404	-3.2419577760086	0.0159243376933297	0.00298935161454277	-18.6808501965024	0.0492737920782567	1088103.71257838	0.002	0	0.05	0.006	-5	0.02	0.002	-30	0.01	full	rep95
4175	1	3	0.000231666053025187	5000	0	0.00349742708449003	-15.1396568098485	0	0.00583497052046985	-2.60840982293837	0	1088102.07842894	0.002	0	0.05	0.006	-5	0.02	0.002	-30	0.01	reduced	rep95
4699	1	3	0.005768712229175	-5.75771266471013	0.0417016663187203	0.00250815188337443	-0.287257394228538	0	0.00172465005013935	-32.8161110600095	0	1085394.16908864	0.002	0	0.05	0.006	-5	0.02	0.002	-30	0.01	full	rep96
3410	1	3	0.000235691061614027	4877.56251152989	0	0.00354782231226601	-15.2758224678059	0	0.00578156794735337	-2.59139055134727	0	1085391.28826804	0.002	0	0.05	0.006	-5	0.02	0.002	-30	0.01	reduced	rep96
366	1	3	0.00117306655158912	1.47213364003635	0	0.0023194723533528	-28.6848457079593	0.0189307595156652	0.00652684677031526	-4.35180952945848	0.028846646727253	1079536.84430675	0.002	0	0.05	0.006	-5	0.02	0.002	-30	0.01	full	rep97
1887	1	3	0.000232837434222689	1254.52203254981	0	0.00375440068990063	-15.0942427698628	0	0.00557517337530772	-2.4743753146455	0	1079532.22420809	0.002	0	0.05	0.006	-5	0.02	0.002	-30	0.01	reduced	rep97
125	1	3	0.00338817315488145	-19.5244639288606	0.0724672157773281	0.00628245703001422	-3.02741873248603	0	0.000336625485838363	12.1793425415357	0	1090575.54746395	0.002	0	0.05	0.006	-5	0.02	0.002	-30	0.01	full	rep98
2960	1	3	0.00362333104218604	-16.2844522287657	0	0.000242995300179805	1843.98785261135	0	0.0058279359664045	-2.60225793784701	0	1090573.95791603	0.002	0	0.05	0.006	-5	0.02	0.002	-30	0.01	reduced	rep98
4763	1	3	0.000464739667484883	2.71489699036596	0	0.00640720855702695	-3.15785654108363	0.0376415640318633	0.00307658914562798	-19.988779102731	0	1082984.29082549	0.002	0	0.05	0.006	-5	0.02	0.002	-30	0.01	full	rep99
390	1	3	0.00350135503788723	-17.0608997516756	0	0.000256896108814675	982.48591362504	0	0.00589145677227186	-2.68362442995905	0	1082983.67772528	0.002	0	0.05	0.006	-5	0.02	0.002	-30	0.01	reduced	rep99
4538	1	3	0.00471254551830649	-1.66160952050168	0.0494468994107451	0.00159281418540404	-181.921525277143	0.0176720001376285	0.00455298688181841	-9.59301328983043	0	1081528.77814859	0.002	0	0.05	0.006	-5	0.02	0.002	-30	0.01	full	rep100
1888	1	3	0.000239835871661316	4973.80059680639	0	0.00542435700348758	-2.45783231148044	0	0.00389208162486071	-14.0813881167209	0	1081526.30358882	0.002	0	0.05	0.006	-5	0.02	0.002	-30	0.01	reduced	rep100
