run	imp	exit_code	theta_1	gamma_1	e_1	theta_2	gamma_2	e_2	theta_3	gamma_3	e_3	lnL	sim_theta_1	sim_gamma_1	sim_e_1	sim_theta_2	sim_gamma_2	sim_e_2	sim_theta_3	sim_gamma_3	sim_e_3	model	rep
4218	1	3	0.00633199272380316	-5.54665234921297	0.0353558793432974	0.00170617814853518	-44.315629264706	0.0220671101660291	0.00210841863795025	0.13695710413548	0	1086330.65008948	0.002	0	0.05	0.006	-5	0.02	0.002	-30	0.01	full	rep1
3924	1	3	0.00560378034824708	-2.0450015515183	0.0436133333191311	0.00410492703332428	-12.560690646769	0	NA	NA	NA	1086323.82913831	0.002	0	0.05	0.006	-5	0.02	0.002	-30	0.01	reduced	rep1
3063	1	3	0.00486359270250113	-6.58204907787028	0	0.0036125728841611	-1.18017312329076	0.06295375943571	0.0017372254306469	-43.6354685014859	0	1087710.64544781	0.002	0	0.05	0.006	-5	0.02	0.002	-30	0.01	full	rep2
595	1	3	0.00438542843273037	-12.4730697680346	0	0.00539608640217551	-1.92799983505493	0.0440613659866482	NA	NA	NA	1087703.81033116	0.002	0	0.05	0.006	-5	0.02	0.002	-30	0.01	reduced	rep2
245	1	3	0.00143725091823585	-70.4719273991815	0.000531226962842157	0.00597970199780061	-6.23197471672328	0	0.00288425322406816	-0.810805909250446	0.0791509093789573	1089435.92996929	0.002	0	0.05	0.006	-5	0.02	0.002	-30	0.01	full	rep3
4005	1	3	0.00497560381666127	-9.6834068205581	0	0.00466808711371124	-1.69355754754889	0.0509645515623159	NA	NA	NA	1089427.57181461	0.002	0	0.05	0.006	-5	0.02	0.002	-30	0.01	reduced	rep3
1008	1	3	0.00170274816614746	-184.693185735706	0	0.00425462788191588	-10.17110843719	0	0.00497158637564311	-1.76233408859601	0.0476309299491129	1078734.79218256	0.002	0	0.05	0.006	-5	0.02	0.002	-30	0.01	full	rep4
90	1	3	0.00424604500505424	-13.3515298053895	0	0.00551432189809093	-1.98194296108564	0.0437960754958094	NA	NA	NA	1078730.96158514	0.002	0	0.05	0.006	-5	0.02	0.002	-30	0.01	reduced	rep4
2417	1	3	0.000428930759366572	2.70889260795915	0.470210127948649	0.00299830541437974	-19.0068021018701	0	0.00646809194131074	-3.16681101708292	0.00560196484537941	1083061.46245748	0.002	0	0.05	0.006	-5	0.02	0.002	-30	0.01	full	rep5
1521	1	3	0.00414037958297907	-13.1503665603614	0	0.00563612958413699	-2.08536604846903	0.0445519658153557	NA	NA	NA	1083057.98574828	0.002	0	0.05	0.006	-5	0.02	0.002	-30	0.01	reduced	rep5
1858	1	3	0.0024855367537062	-26.7350160700382	0.0563678691989262	0.00696969502632396	-3.60379102632996	0	0.000496498358176133	5.16531106296456	0.256984741989491	1083004.19589498	0.002	0	0.05	0.006	-5	0.02	0.002	-30	0.01	full	rep6
4872	1	3	0.00588600315653096	-2.16336049387897	0.0418300753391239	0.00378737602968814	-13.5249443760221	0	NA	NA	NA	1082996.44919191	0.002	0	0.05	0.006	-5	0.02	0.002	-30	0.01	reduced	rep6
3719	1	3	0.00654360596261788	-3.18704568488421	0	0.00305435638321247	-20.7292088910576	0.0755984309256646	0.000329508919449293	15.6849560570748	0	1087126.23682157	0.002	0	0.05	0.006	-5	0.02	0.002	-30	0.01	full	rep7
3546	1	3	0.00558421719066218	-2.05463974286269	0.0444836628768739	0.0041647209351486	-12.565923640652	0	NA	NA	NA	1087117.1722968	0.002	0	0.05	0.006	-5	0.02	0.002	-30	0.01	reduced	rep7
4013	1	3	0.0043621384155513	-9.43240659195759	0	0.00209002195456405	-160.877597261348	0.0214418469563751	0.00477053384941924	-1.69813663610494	0.0480696847837529	1083044.44737306	0.002	0	0.05	0.006	-5	0.02	0.002	-30	0.01	full	rep8
3790	1	3	0.00563305099615634	-2.05918589460143	0.0432381735576533	0.0042264913094334	-13.8801510240118	0	NA	NA	NA	1083038.0364162	0.002	0	0.05	0.006	-5	0.02	0.002	-30	0.01	reduced	rep8
3960	1	3	0.00648737462341845	-3.33706860623253	0	0.000421787898017272	8.89769161389911	0	0.00292177981456266	-19.7829501587628	0.0842290694101804	1082832.69496734	0.002	0	0.05	0.006	-5	0.02	0.002	-30	0.01	full	rep9
2904	1	3	0.00526463830206958	-1.88702443459767	0.0441705257186207	0.00437880319361354	-11.5781042329896	0	NA	NA	NA	1082827.66491589	0.002	0	0.05	0.006	-5	0.02	0.002	-30	0.01	reduced	rep9
2934	1	3	0.00460904773115264	-8.81902903583769	0	0.00446814727138387	-1.55269276307301	0.0472977444039843	0.00230812565999907	-191.87273223868	0.0612772017789688	1079218.26324145	0.002	0	0.05	0.006	-5	0.02	0.002	-30	0.01	full	rep10
2761	1	3	0.00559713470969826	-2.057682984091	0.0427986506598156	0.0041628294419882	-13.3378442748555	0	NA	NA	NA	1079210.61656684	0.002	0	0.05	0.006	-5	0.02	0.002	-30	0.01	reduced	rep10
4535	1	3	0.00166375545142743	-43.8005779678753	0.040953874371999	0.00227150559309111	0.142676024843392	0.00271386452460415	0.00625617221326326	-5.9897855606759	0.0296151613048321	1087094.70732929	0.002	0	0.05	0.006	-5	0.02	0.002	-30	0.01	full	rep11
3297	1	3	0.00460160248620884	-11.8591030783704	0.00402245927552108	0.00515607911762695	-1.80408908531136	0.0409293936214323	NA	NA	NA	1087088.37519046	0.002	0	0.05	0.006	-5	0.02	0.002	-30	0.01	reduced	rep11
3116	1	3	0.00650787901046108	-5.41447236565538	0.0331622198837637	0.00191456407459377	0.294360391336204	0.00663004292835603	0.00164477454377904	-42.2256961762379	0.00351135711590968	1081639.40581336	0.002	0	0.05	0.006	-5	0.02	0.002	-30	0.01	full	rep12
3569	1	3	0.00526468191350727	-1.92700065710957	0.0447562120851904	0.00438692898289787	-11.4929453444556	0	NA	NA	NA	1081633.57268292	0.002	0	0.05	0.006	-5	0.02	0.002	-30	0.01	reduced	rep12
3754	1	3	0.00628195218997357	-5.29569593561061	0.033527030554751	0.00194384909235065	-43.7688975138	0.01137786443618	0.00199681922689649	0.18847491262482	0.00522929304027434	1083990.23662963	0.002	0	0.05	0.006	-5	0.02	0.002	-30	0.01	full	rep13
4159	1	3	0.00568627991285234	-2.06854582555504	0.0418085606591601	0.00406519262763068	-13.3869347478807	0	NA	NA	NA	1083982.0400733	0.002	0	0.05	0.006	-5	0.02	0.002	-30	0.01	reduced	rep13
1264	1	3	0.000339163552689302	13.7703270681596	0.0305297696090561	0.00311806086444036	-21.1752350934122	0.0769067995324184	0.0065263395151867	-3.205218138273	0	1086098.67170253	0.002	0	0.05	0.006	-5	0.02	0.002	-30	0.01	full	rep14
3339	1	3	0.00416921720564963	-12.8732866690884	0	0.00561165897754107	-2.07358465285556	0.0448461437756733	NA	NA	NA	1086093.10857745	0.002	0	0.05	0.006	-5	0.02	0.002	-30	0.01	reduced	rep14
4160	1	3	0.00165950896291342	-127.076715037959	0.0298493215345762	0.00425156578121135	-1.41428369402901	0.0511987813704487	0.00482081323591366	-8.37562114888602	0	1084885.06159757	0.002	0	0.05	0.006	-5	0.02	0.002	-30	0.01	full	rep15
790	1	3	0.00443287169728555	-12.0954205453027	0	0.00529576148980447	-1.88255010453182	0.0444123398349873	NA	NA	NA	1084879.55821875	0.002	0	0.05	0.006	-5	0.02	0.002	-30	0.01	reduced	rep15
3800	1	3	0.00643169639212213	-3.27431834701552	0	0.00300724491155611	-19.8293837679016	0.0908125372433768	0.000415940165495863	7.80682779666458	0	1081360.74051417	0.002	0	0.05	0.006	-5	0.02	0.002	-30	0.01	full	rep16
1488	1	3	0.00396280169118007	-13.2735590502705	0	0.0057367098672478	-2.10876515019696	0.0422065301781504	NA	NA	NA	1081356.52167031	0.002	0	0.05	0.006	-5	0.02	0.002	-30	0.01	reduced	rep16
4542	1	3	0.00454033241517181	-1.57190592581219	0.0479505092881248	0.00488389786274265	-9.4741487887402	0.00340942382612093	0.0027106689524194	-499.035723486145	0	1086945.34028766	0.002	0	0.05	0.006	-5	0.02	0.002	-30	0.01	full	rep17
1730	1	3	0.00508341602847247	-1.81980035419061	0.046365689871678	0.00467371710412245	-11.4201474353357	0	NA	NA	NA	1086942.55335113	0.002	0	0.05	0.006	-5	0.02	0.002	-30	0.01	reduced	rep17
2926	1	3	0.00677123228105602	-3.69935074495782	0.0112361105088297	0.00269251429168573	-26.5218764659063	0.0635296466405878	0.000570929389915961	4.81112318594159	0.0374504560445462	1078161.91778666	0.002	0	0.05	0.006	-5	0.02	0.002	-30	0.01	full	rep18
407	1	3	0.00550925241597572	-1.98947657499751	0.0434761128118076	0.00421562774369215	-13.1019490342498	0	NA	NA	NA	1078154.58739498	0.002	0	0.05	0.006	-5	0.02	0.002	-30	0.01	reduced	rep18
3512	1	3	0.006672423080532	-4.78208100599629	0.0303775032685173	0.00210390436609166	-35.2986082556698	0.0328336525185534	0.00142345386531446	1.01583576416782	0	1088454.56196408	0.002	0	0.05	0.006	-5	0.02	0.002	-30	0.01	full	rep19
4318	1	3	0.00418158393625453	-13.0692210701358	0	0.00563028903968357	-2.06273391478318	0.0446807217123373	NA	NA	NA	1088446.71731902	0.002	0	0.05	0.006	-5	0.02	0.002	-30	0.01	reduced	rep19
4201	1	3	0.00204742608436297	0.193134426012784	0.00302051307504731	0.00635924578721841	-5.51741545440116	0.0353512346036991	0.00173862474359857	-39.8821858769302	0.003017653935036	1087793.53635793	0.002	0	0.05	0.006	-5	0.02	0.002	-30	0.01	full	rep20
1243	1	3	0.00437400365871898	-12.1372850716798	0	0.00538284387235532	-1.94926784050223	0.0440593500284208	NA	NA	NA	1087787.63105916	0.002	0	0.05	0.006	-5	0.02	0.002	-30	0.01	reduced	rep20
4648	1	3	0.00142957127357883	0.291103900640017	0.107180536796814	0.00256718937964452	-21.6279751911649	0	0.00588469460234067	-4.05681438360277	0.0131801002012483	1079111.2217844	0.002	0	0.05	0.006	-5	0.02	0.002	-30	0.01	full	rep21
2338	1	3	0.00536191317832001	-1.93514482533942	0.0451152977196477	0.00434894089905317	-12.4212998109436	0	NA	NA	NA	1079107.13558233	0.002	0	0.05	0.006	-5	0.02	0.002	-30	0.01	reduced	rep21
3702	1	3	0.00464633271257888	-1.63483367937112	0.0502411355124927	0.00426229166786798	-8.52733867597283	0	0.00180864345406621	-97.323478599783	0	1085951.18514441	0.002	0	0.05	0.006	-5	0.02	0.002	-30	0.01	full	rep22
2095	1	3	0.00569263398262519	-2.04693770615309	0.0423979518042454	0.00411889946555415	-13.8037556826486	0	NA	NA	NA	1085943.80035496	0.002	0	0.05	0.006	-5	0.02	0.002	-30	0.01	reduced	rep22
2194	1	3	0.00300901657826507	-20.3796747220892	0	0.00665521461691718	-2.95206692819	0.0348424848528865	0.00023779342220215	4.85268785439649	0	1082068.61740624	0.002	0	0.05	0.006	-5	0.02	0.002	-30	0.01	full	rep23
2429	1	3	0.00595257447479098	-2.19799075886656	0.0417282346227629	0.0038291070206771	-14.6002931363785	0	NA	NA	NA	1082064.55539744	0.002	0	0.05	0.006	-5	0.02	0.002	-30	0.01	reduced	rep23
3899	1	3	0.00192792592468572	-30.6310300489161	0.0303143609862426	0.00137111332285801	1.16911177655699	0	0.00668482393676905	-4.77790633321208	0.0303457572098326	1083085.86976221	0.002	0	0.05	0.006	-5	0.02	0.002	-30	0.01	full	rep24
4220	1	3	0.00525604896781791	-1.90344891490783	0.0471222311913119	0.00442121623809275	-11.5867482297732	0	NA	NA	NA	1083080.78307118	0.002	0	0.05	0.006	-5	0.02	0.002	-30	0.01	reduced	rep24
4901	1	3	0.00631671066367068	-3.13871156606369	0	0.000383126554209629	9.98083317114403	0	0.00323896439274652	-20.2360810689064	0.0790304185474022	1083213.71749649	0.002	0	0.05	0.006	-5	0.02	0.002	-30	0.01	full	rep25
1822	1	3	0.00419219005352234	-13.3336804290364	0	0.00557289665644329	-1.99074017127806	0.0432939517545782	NA	NA	NA	1083208.85066956	0.002	0	0.05	0.006	-5	0.02	0.002	-30	0.01	reduced	rep25
1164	1	3	0.00172127299910582	0.696916536711984	0.00286821383883751	0.00206931857061463	-31.1569947499245	0.0388759924625824	0.00627919703560931	-5.12191135679219	0.0274435426936156	1080214.68051552	0.002	0	0.05	0.006	-5	0.02	0.002	-30	0.01	full	rep26
3213	1	3	0.00442397609287039	-12.6728322077043	0	0.00533775246403023	-1.91218467267624	0.0435973314981615	NA	NA	NA	1080209.83426836	0.002	0	0.05	0.006	-5	0.02	0.002	-30	0.01	reduced	rep26
1164	1	3	0.00155554940378838	0.451320127686667	0.00830425361727765	0.00211893762284752	-24.8730513021696	0	0.00622552429263658	-4.58675029237504	0.0375025735779271	1081332.38999175	0.002	0	0.05	0.006	-5	0.02	0.002	-30	0.01	full	rep27
1291	1	3	0.00551339316562908	-2.04710026901896	0.0457667072988527	0.0041893078208485	-12.352053003027	0	NA	NA	NA	1081329.37076674	0.002	0	0.05	0.006	-5	0.02	0.002	-30	0.01	reduced	rep27
3781	1	3	0.00629930695867646	-3.0808872967754	0	0.00335782240552695	-20.3198624540834	0.0729829076996973	0.00034347334664767	12.5370741369884	0	1084186.05128586	0.002	0	0.05	0.006	-5	0.02	0.002	-30	0.01	full	rep28
1112	1	3	0.00557470201372046	-2.01612983089516	0.0437127447939654	0.00425212738670255	-13.4902477829498	0	NA	NA	NA	1084180.92461346	0.002	0	0.05	0.006	-5	0.02	0.002	-30	0.01	reduced	rep28
509	1	3	0.00166763902200526	-39.5296634091055	0	0.00444608976409243	-6.98385512691353	0	0.00398202402458056	-1.40183412638039	0.0600362508407994	1080277.37536507	0.002	0	0.05	0.006	-5	0.02	0.002	-30	0.01	full	rep29
2854	1	3	0.00547221011789176	-1.99425027698625	0.0452876713172112	0.00427128317494183	-12.7827199066825	0	NA	NA	NA	1080271.88649544	0.002	0	0.05	0.006	-5	0.02	0.002	-30	0.01	reduced	rep29
4990	1	3	0.00647575149578064	-3.97486177929882	0.0227925581016354	0.0009465871873474	1.89018432678655	0.00399670845643689	0.00233018850909941	-20.5947256133174	0.0482991265678224	1082433.78166991	0.002	0	0.05	0.006	-5	0.02	0.002	-30	0.01	full	rep30
3211	1	3	0.00555616221176585	-2.03108977034057	0.0439457937322644	0.00405239482797801	-12.0405457055136	0	NA	NA	NA	1082431.61078422	0.002	0	0.05	0.006	-5	0.02	0.002	-30	0.01	reduced	rep30
1219	1	3	0.0046322505862085	-1.62361316764709	0.0500589364277003	0.00416790095272115	-491.734868026911	0.0207256512627666	0.00460748686252639	-8.98386462469912	0	1090109.26578604	0.002	0	0.05	0.006	-5	0.02	0.002	-30	0.01	full	rep31
4487	1	3	0.00545868380119007	-1.96951488402253	0.0445619890370141	0.0043081678710023	-12.3004076382338	0	NA	NA	NA	1090102.61399634	0.002	0	0.05	0.006	-5	0.02	0.002	-30	0.01	reduced	rep31
3356	1	3	0.00650958334551847	-4.19079757669966	0.0253682075494289	0.00220395345307453	-27.2364537504801	0.0231308104144275	0.00116225491621465	1.13791207748839	0.0275852067972188	1076896.86270484	0.002	0	0.05	0.006	-5	0.02	0.002	-30	0.01	full	rep32
1335	1	3	0.00392055946600609	-13.1063578405789	0	0.00570691562877511	-2.09011979158229	0.0422580551121244	NA	NA	NA	1076891.76126013	0.002	0	0.05	0.006	-5	0.02	0.002	-30	0.01	reduced	rep32
4984	1	3	0.00167662502171555	0.0981648152978136	0.13182041828052	0.00197727815705613	-25.8073060238181	0	0.00622051412429969	-4.59177994218379	0	1083743.56648597	0.002	0	0.05	0.006	-5	0.02	0.002	-30	0.01	full	rep33
2235	1	3	0.00490758604214964	-1.75273391904476	0.0477035187467739	0.00471538273579195	-10.4975095888025	0	NA	NA	NA	1083737.68608942	0.002	0	0.05	0.006	-5	0.02	0.002	-30	0.01	reduced	rep33
4784	1	3	0.000405661999251177	11.4350043874891	0	0.00272468336790583	-26.2285677040151	0.0918248870858891	0.00680736726980047	-3.45439607648756	0	1077719.07862757	0.002	0	0.05	0.006	-5	0.02	0.002	-30	0.01	full	rep34
2605	1	3	0.00551004092264396	-1.99495021696777	0.0429095800390198	0.00411440670518192	-12.4822627627853	0	NA	NA	NA	1077706.69689922	0.002	0	0.05	0.006	-5	0.02	0.002	-30	0.01	reduced	rep34
631	1	3	0.00398734536435153	-1.42031788214094	0.0586843717211615	0.00151094533007723	-62.8552192999045	0	0.00476049223378357	-7.11659808046284	0	1085320.38748415	0.002	0	0.05	0.006	-5	0.02	0.002	-30	0.01	full	rep35
2294	1	3	0.00423017890673808	-11.8950741591074	0	0.00544979251027496	-2.0017907376145	0.0444875809120959	NA	NA	NA	1085313.30541982	0.002	0	0.05	0.006	-5	0.02	0.002	-30	0.01	reduced	rep35
3327	1	3	0.0022093780070518	-36.7369188575087	0.0167061265304267	0.00113512756711911	1.41824271654936	0.00629540769742918	0.00674354782812358	-4.33004895735605	0.0298103432077939	1076540.31273101	0.002	0	0.05	0.006	-5	0.02	0.002	-30	0.01	full	rep36
3044	1	3	0.00394176876441854	-13.6937336369821	0	0.00573001648153059	-2.07527329146207	0.042497015922288	NA	NA	NA	1076531.38377781	0.002	0	0.05	0.006	-5	0.02	0.002	-30	0.01	reduced	rep36
2387	1	3	0.0046837213714957	-7.54897307004551	0	0.001553374877196	-80.9688660963512	0.00793655277798371	0.00411003745118181	-1.45186525346739	0.0554195025041484	1076355.97781769	0.002	0	0.05	0.006	-5	0.02	0.002	-30	0.01	full	rep37
3314	1	3	0.0041891081848066	-12.1879708808157	0	0.00543967660429312	-1.99921898167116	0.0440763720166107	NA	NA	NA	1076349.44979097	0.002	0	0.05	0.006	-5	0.02	0.002	-30	0.01	reduced	rep37
2109	1	3	0.00285988561746434	-24.4044386908752	0.024091934416386	0.000871835411445654	1.77092837917986	0	0.00632283964297478	-3.66849605659297	0.0298159344429017	1082123.11574151	0.002	0	0.05	0.006	-5	0.02	0.002	-30	0.01	full	rep38
1489	1	3	0.00587822725353634	-2.1099326552303	0.042094229859427	0.00398223716354706	-15.3493689805543	0	NA	NA	NA	1082119.99437637	0.002	0	0.05	0.006	-5	0.02	0.002	-30	0.01	reduced	rep38
1117	1	3	0.00413828156880554	-8.07250704619964	0	0.00139835802059272	-41.2817807106193	0.006441163741457	0.00453916919651378	-1.62819039096179	0.0505522299247815	1085098.3864319	0.002	0	0.05	0.006	-5	0.02	0.002	-30	0.01	full	rep39
3585	1	3	0.00557899678556198	-2.0360897738481	0.0430480798947054	0.00419699957202991	-13.0023736944174	0	NA	NA	NA	1085095.39372918	0.002	0	0.05	0.006	-5	0.02	0.002	-30	0.01	reduced	rep39
1433	1	3	0.00437376765239413	-1.49405495785561	0.0500087759222597	0.00345442056995354	-500	0.111048170894773	0.00491071216315162	-8.76853187286983	0	1087103.71076674	0.002	0	0.05	0.006	-5	0.02	0.002	-30	0.01	full	rep40
440	1	3	0.00527229872284874	-1.91043012082789	0.044632593898127	0.00443471787757565	-11.5422427688407	0.00353411182327766	NA	NA	NA	1087097.40738732	0.002	0	0.05	0.006	-5	0.02	0.002	-30	0.01	reduced	rep40
4144	1	3	0.0031262657704713	-22.5406152932861	0.0534212317093986	0.00657530414929056	-3.16305823011884	0.00886193967037726	0.000320238632761593	12.0152979646212	0	1083056.83683802	0.002	0	0.05	0.006	-5	0.02	0.002	-30	0.01	full	rep41
3897	1	3	0.00420014981741224	-13.5882431742056	0	0.00560983448281122	-2.03520362688969	0.0422523677227123	NA	NA	NA	1083046.92847305	0.002	0	0.05	0.006	-5	0.02	0.002	-30	0.01	reduced	rep41
2052	1	3	0.00463350577681186	-6.16046746484477	0	0.00202932485758426	-34.2548457110259	0	0.00351362206206238	-1.19601722931689	0.0653304062880844	1084051.49787794	0.002	0	0.05	0.006	-5	0.02	0.002	-30	0.01	full	rep42
3242	1	3	0.00552628707341124	-2.01039319299979	0.0434801484359026	0.00431776761901884	-13.3611595405968	0	NA	NA	NA	1084044.96715728	0.002	0	0.05	0.006	-5	0.02	0.002	-30	0.01	reduced	rep42
3462	1	3	0.000442711219527974	10.850034743742	0	0.00288765648661314	-32.1865694259103	0.0992556651140275	0.00696609030138581	-3.54198953185767	0	1092177.37727354	0.002	0	0.05	0.006	-5	0.02	0.002	-30	0.01	full	rep43
3967	1	3	0.00406461585923721	-13.9017087781703	0	0.00577307007855251	-2.05733233369696	0.0426685157576132	NA	NA	NA	1092160.65757371	0.002	0	0.05	0.006	-5	0.02	0.002	-30	0.01	reduced	rep43
3106	1	3	0.00566792949478116	-5.05907881091684	0	0.00191612074903092	-28.3496271650067	0	0.0023386329638486	-0.50240172699988	0.0970531123687688	1083620.24740539	0.002	0	0.05	0.006	-5	0.02	0.002	-30	0.01	full	rep44
3732	1	3	0.0045106600196509	-11.228590448735	0	0.00514398284378721	-1.84453256983372	0.0464714571094108	NA	NA	NA	1083614.26883146	0.002	0	0.05	0.006	-5	0.02	0.002	-30	0.01	reduced	rep44
4704	1	3	0.00202330478367915	-22.4889162397368	0	0.00418609449939946	-1.51492610867304	0.0566182379627856	0.0036785022495004	-6.66296992262864	0	1083935.00179863	0.002	0	0.05	0.006	-5	0.02	0.002	-30	0.01	full	rep45
2185	1	3	0.00431078979526979	-12.5808339684854	0	0.00544912079508697	-1.9802196870526	0.0446175465615627	NA	NA	NA	1083932.95278832	0.002	0	0.05	0.006	-5	0.02	0.002	-30	0.01	reduced	rep45
2803	1	3	0.000374658425709099	3.62356249315654	0.131117682750063	0.00645566940856447	-3.05823868182732	0.0270863614489815	0.00320271882484249	-20.646983374434	0	1086060.88612883	0.002	0	0.05	0.006	-5	0.02	0.002	-30	0.01	full	rep46
3677	1	3	0.00417099685792682	-14.5450178407805	0	0.00572932319842615	-2.0609413820372	0.0419624843704	NA	NA	NA	1086055.96520613	0.002	0	0.05	0.006	-5	0.02	0.002	-30	0.01	reduced	rep46
843	1	3	0.00132727093492936	1.09859363771143	0.00743180340032012	0.00661703505199671	-4.54988102458333	0.0297792261884061	0.0020158740642129	-33.0911840303331	0.0170358216397021	1078087.50478465	0.002	0	0.05	0.006	-5	0.02	0.002	-30	0.01	full	rep47
3942	1	3	0.00545344898086228	-1.95654760118212	0.0436777359165032	0.00415378729875021	-12.2602538345777	0	NA	NA	NA	1078080.42467536	0.002	0	0.05	0.006	-5	0.02	0.002	-30	0.01	reduced	rep47
3198	1	3	0.00666999265755384	-3.34524794639864	0	0.000437443866692412	4.57867345445308	0.48124652255418	0.00270049560377529	-19.9374550587854	0	1084209.69084182	0.002	0	0.05	0.006	-5	0.02	0.002	-30	0.01	full	rep48
1155	1	3	0.00437602186821897	-11.5171504621103	0	0.00526204292841649	-1.87476571414995	0.0437642822356396	NA	NA	NA	1084201.84027429	0.002	0	0.05	0.006	-5	0.02	0.002	-30	0.01	reduced	rep48
688	1	3	0.00231622464065483	-23.1999287014313	0	0.00327798762711611	-1.08518209535513	0.0703700460679441	0.00427873949428007	-5.36065320556536	0	1079131.46809957	0.002	0	0.05	0.006	-5	0.02	0.002	-30	0.01	full	rep49
1050	1	3	0.00427038120705835	-12.8743649298745	0	0.00543675855077107	-1.92641226594782	0.044097577191092	NA	NA	NA	1079128.26161054	0.002	0	0.05	0.006	-5	0.02	0.002	-30	0.01	reduced	rep49
1362	1	3	0.00468011791049222	-8.55261828709185	0	0.0044077543231811	-1.51588874715744	0.0524274822473153	0.00185700814576229	-167.725374899962	0	1081946.61768237	0.002	0	0.05	0.006	-5	0.02	0.002	-30	0.01	full	rep50
1548	1	3	0.00522424572344346	-1.85760768208491	0.0453631141309667	0.00444630542364373	-11.7318684428644	0	NA	NA	NA	1081940.25012329	0.002	0	0.05	0.006	-5	0.02	0.002	-30	0.01	reduced	rep50
1460	1	3	0.000181958161638831	14.8818362474968	0.00393101480687521	0.00639630141643687	-2.78190360634805	0.0247242817551851	0.00323051714584167	-17.8485024999241	0.0134213496977718	1083201.80134098	0.002	0	0.05	0.006	-5	0.02	0.002	-30	0.01	full	rep51
28	1	3	0.00549519498938146	-1.98565770812886	0.0430910548522147	0.00420474250627962	-12.5115972003199	0	NA	NA	NA	1083193.32665457	0.002	0	0.05	0.006	-5	0.02	0.002	-30	0.01	reduced	rep51
3330	1	3	0.00277092738049358	-24.7257456818451	0.0889262292168057	0.000468612925370767	8.79315434148113	0.0129609313119093	0.00674725003762584	-3.54307207297438	0	1083970.97527596	0.002	0	0.05	0.006	-5	0.02	0.002	-30	0.01	full	rep52
3409	1	3	0.00442714879636918	-11.8368562342558	0	0.00525303489985851	-1.85331310539989	0.0438148644266627	NA	NA	NA	1083960.14082422	0.002	0	0.05	0.006	-5	0.02	0.002	-30	0.01	reduced	rep52
3801	1	3	0.000643161157884775	4.42291178825425	0	0.00587040660800632	-3.43175003958181	0	0.00329853333441181	-15.4471262427046	0.0787835410749785	1088474.41101985	0.002	0	0.05	0.006	-5	0.02	0.002	-30	0.01	full	rep53
1917	1	3	0.00505385690376028	-10.4935423490457	0.0105701545005765	0.00464769771673394	-1.532534340499	0.0400223749793004	NA	NA	NA	1088472.23581212	0.002	0	0.05	0.006	-5	0.02	0.002	-30	0.01	reduced	rep53
2375	1	3	0.00677350645041237	-3.95867075856962	0	0.00234954298906694	-25.3510884582523	0.0318867712059457	0.00081229884387576	2.32457217765018	0.208347415425677	1082281.57780718	0.002	0	0.05	0.006	-5	0.02	0.002	-30	0.01	full	rep54
4542	1	3	0.00524072355779337	-1.8796303893213	0.0454320108867864	0.00442485471255429	-11.6472093084713	0	NA	NA	NA	1082273.43739715	0.002	0	0.05	0.006	-5	0.02	0.002	-30	0.01	reduced	rep54
1476	1	3	0.000807613140988248	1.70751943318511	0.00982499854063419	0.00678696631789676	-3.81923860889247	0.0332541250437192	0.00240575854195841	-27.6234297472331	0	1082361.73246658	0.002	0	0.05	0.006	-5	0.02	0.002	-30	0.01	full	rep55
3093	1	3	0.00588870493262572	-2.17899905384062	0.0421219305654466	0.00385701941923026	-13.9950945995799	0	NA	NA	NA	1082354.72198345	0.002	0	0.05	0.006	-5	0.02	0.002	-30	0.01	reduced	rep55
363	1	3	0.00256502568828537	-0.292213538590283	0	0.00216169187492999	-68.2085275825265	0	0.00591818959798143	-5.89936522204945	0.041987674159625	1085598.73195842	0.002	0	0.05	0.006	-5	0.02	0.002	-30	0.01	full	rep56
2249	1	3	0.00383921427793205	-15.3773836610198	0	0.00601005281132402	-2.18099238260513	0.0414547323872327	NA	NA	NA	1085588.96022785	0.002	0	0.05	0.006	-5	0.02	0.002	-30	0.01	reduced	rep56
3101	1	3	0.00469306023182503	-1.65076881524706	0.0495769275301253	0.000769505567454076	-31.9592092739312	0	0.00436313753337513	-9.29573192639492	0	1084684.11896974	0.002	0	0.05	0.006	-5	0.02	0.002	-30	0.01	full	rep57
3270	1	3	0.00462209879679056	-11.3712725481846	0	0.00508768279815482	-1.80992167767383	0.0462338595956253	NA	NA	NA	1084683.43094312	0.002	0	0.05	0.006	-5	0.02	0.002	-30	0.01	reduced	rep57
4357	1	3	0.00693334539527515	-5.03413720655121	0.0337069502773616	0.0015865004183326	-51.2798500357986	0.011499334779775	0.00154532059582829	0.788513564616142	0	1084187.84893735	0.002	0	0.05	0.006	-5	0.02	0.002	-30	0.01	full	rep58
1471	1	3	0.00423413685595694	-10.7713771662117	0	0.00530155227412251	-1.93831375208339	0.046950442456361	NA	NA	NA	1084180.27606167	0.002	0	0.05	0.006	-5	0.02	0.002	-30	0.01	reduced	rep58
1269	1	3	0.0058772574578143	-5.76403743063599	0.0386734732431493	0.00166181705471884	-28.9471753425268	0.00196706543274831	0.00235069060996428	-0.0945562340273058	0.00411026156637999	1079486.0412028	0.002	0	0.05	0.006	-5	0.02	0.002	-30	0.01	full	rep59
2256	1	3	0.00444176060081972	-11.818345668678	0	0.00523279535297936	-1.88351367839073	0.0453916013627285	NA	NA	NA	1079483.55571894	0.002	0	0.05	0.006	-5	0.02	0.002	-30	0.01	reduced	rep59
1923	1	3	0.0016396508696287	-470.608102464837	0.028547406149305	0.00489448017408022	-1.68909179115786	0.0480624279718719	0.00466292557211496	-10.528269227815	0	1089623.45812118	0.002	0	0.05	0.006	-5	0.02	0.002	-30	0.01	full	rep60
3987	1	3	0.00515955501183251	-1.80626882865613	0.0465729589351273	0.00461234044372533	-11.7324628882506	0	NA	NA	NA	1089622.38016287	0.002	0	0.05	0.006	-5	0.02	0.002	-30	0.01	reduced	rep60
615	1	3	0.00641861404133073	-5.37132266893638	0.0338276731644584	0.00194062706105559	0.298661571599522	0.00394075564887422	0.00157082351136085	-32.1053431236531	0.0107560951522429	1088269.417943	0.002	0	0.05	0.006	-5	0.02	0.002	-30	0.01	full	rep61
397	1	3	0.00447292152060086	-11.0280824570687	0	0.00518585460235085	-1.87258719028034	0.0457413453622136	NA	NA	NA	1088266.20101074	0.002	0	0.05	0.006	-5	0.02	0.002	-30	0.01	reduced	rep61
1435	1	3	0.00661925549964493	-5.14617835953572	0.0303156665499501	0.00167059518881942	0.76747195462372	0.0053688670527444	0.0019578665398064	-41.2791572924145	0.0239778206517985	1089276.72659341	0.002	0	0.05	0.006	-5	0.02	0.002	-30	0.01	full	rep62
3329	1	3	0.00442315234151875	-12.2382224517206	0	0.00535174817046297	-1.89977185951966	0.045331143740166	NA	NA	NA	1089268.08032158	0.002	0	0.05	0.006	-5	0.02	0.002	-30	0.01	reduced	rep62
2959	1	3	0.00657278066105866	-3.32251004976123	0	0.00312111219377612	-24.0187476179389	0.0613636136174188	0.000410665682852592	7.89377770103207	0.208897575011064	1081910.37510497	0.002	0	0.05	0.006	-5	0.02	0.002	-30	0.01	full	rep63
227	1	3	0.00396258766564037	-15.408249826768	0	0.00592858368655799	-2.1765472833913	0.0430384333647548	NA	NA	NA	1081904.38070117	0.002	0	0.05	0.006	-5	0.02	0.002	-30	0.01	reduced	rep63
3064	1	3	0.00272558789614392	-21.2713323389328	0.0767883070349392	0.000546270227534904	5.43713648907223	0	0.00663006574061964	-3.65720431969691	0.00851320916745474	1081363.1017937	0.002	0	0.05	0.006	-5	0.02	0.002	-30	0.01	full	rep64
1985	1	3	0.00523580721145938	-1.9042542626569	0.0456721526227731	0.00445387968244314	-11.6880986482615	0	NA	NA	NA	1081357.55470435	0.002	0	0.05	0.006	-5	0.02	0.002	-30	0.01	reduced	rep64
4501	1	3	0.00343048093684489	-16.7947635067954	0	0.00631942693668058	-2.6071783708797	0.0370604876697328	0.000109634624388047	7.70187419215978	0.0139725713932823	1083418.51919819	0.002	0	0.05	0.006	-5	0.02	0.002	-30	0.01	full	rep65
4028	1	3	0.00394218328061798	-14.1427329978194	0	0.00586458140944546	-2.18086345217679	0.0425251631062411	NA	NA	NA	1083416.52163562	0.002	0	0.05	0.006	-5	0.02	0.002	-30	0.01	reduced	rep65
4873	1	3	0.00632525923064436	-4.95695182205653	0.033157470453872	0.00184366049723743	0.177192071736665	0.0163653638864127	0.00189750155633002	-36.8214312560527	0	1084762.79884193	0.002	0	0.05	0.006	-5	0.02	0.002	-30	0.01	full	rep66
303	1	3	0.00397499958935859	-12.9941764078447	0	0.00572913676297376	-2.10472976622411	0.0430687741539416	NA	NA	NA	1084756.92472572	0.002	0	0.05	0.006	-5	0.02	0.002	-30	0.01	reduced	rep66
3610	1	3	0.00469128819472355	-1.59595152156453	0.0485375307537656	0.002132119930636	-458.834523195587	0	0.00472084339043754	-9.85918818597451	0.00524325742439074	1083921.925336	0.002	0	0.05	0.006	-5	0.02	0.002	-30	0.01	full	rep67
1792	1	3	0.00450200300205581	-11.7509183694836	0	0.00520109161673194	-1.83356376285222	0.0484883214713533	NA	NA	NA	1083920.17186202	0.002	0	0.05	0.006	-5	0.02	0.002	-30	0.01	reduced	rep67
3949	1	3	0.00118451203617316	-71.8113409797143	0.0283748413049437	0.00487555845544977	-1.80112244648682	0.0482043235541856	0.00410811556514447	-8.71953509683619	0	1084955.43436209	0.002	0	0.05	0.006	-5	0.02	0.002	-30	0.01	full	rep68
4158	1	3	0.00581778878778383	-2.1686554663028	0.0432479785169763	0.0038730984080852	-12.9751049491499	0	NA	NA	NA	1084952.51636114	0.002	0	0.05	0.006	-5	0.02	0.002	-30	0.01	reduced	rep68
4902	1	3	0.0061932022368746	-5.06743195578743	0.0342582785086778	0.00176007202051757	0.476626997057813	0.00315066784337484	0.0018527107447541	-23.0603296011677	0.0247283553261873	1080984.50342248	0.002	0	0.05	0.006	-5	0.02	0.002	-30	0.01	full	rep69
1456	1	3	0.00518477361345091	-1.90460646271036	0.0485722558003731	0.00446287917803728	-11.2128927476714	0	NA	NA	NA	1080982.28683187	0.002	0	0.05	0.006	-5	0.02	0.002	-30	0.01	reduced	rep69
1631	1	3	0.000636736000777464	3.28808653116529	0.0817657536573216	0.00242075859975807	-26.912388616571	0.0174548687878161	0.00692316226129883	-3.76629587954892	0.020830044059171	1083614.44223494	0.002	0	0.05	0.006	-5	0.02	0.002	-30	0.01	full	rep70
4332	1	3	0.00426790680320526	-12.224963513847	0	0.00541709029877486	-1.9373119474644	0.0454447448362549	NA	NA	NA	1083604.44575179	0.002	0	0.05	0.006	-5	0.02	0.002	-30	0.01	reduced	rep70
776	1	3	0.00596127402878839	-3.77505949403777	0	0.00258365363522845	-20.9971280260517	0	0.00129027340789163	0.154621104085013	0.176097218110178	1081138.05524142	0.002	0	0.05	0.006	-5	0.02	0.002	-30	0.01	full	rep71
259	1	3	0.00551122221362085	-2.00116319983872	0.0435266182623158	0.00417208839468812	-12.5472931538972	0	NA	NA	NA	1081134.05186229	0.002	0	0.05	0.006	-5	0.02	0.002	-30	0.01	reduced	rep71
3076	1	3	0.00705791362469459	-4.95185256370549	0.0301206510873806	0.00187817264660495	-50.543220642302	0.0110889936104018	0.00130535046508219	1.39207149120325	0.0050159054134699	1079553.61800913	0.002	0	0.05	0.006	-5	0.02	0.002	-30	0.01	full	rep72
4155	1	3	0.00488913448247842	-1.74254351693777	0.049227054864371	0.0047196110891038	-10.6114404831347	0	NA	NA	NA	1079541.17880234	0.002	0	0.05	0.006	-5	0.02	0.002	-30	0.01	reduced	rep72
1237	1	3	0.00251211381093874	-0.0823917962065834	0.00263420503981397	0.0064443652153103	-6.60821290720362	0.0340830822052768	0.00121362072048586	-73.2310306171555	0.0124957337140216	1083960.8638091	0.002	0	0.05	0.006	-5	0.02	0.002	-30	0.01	full	rep73
3909	1	3	0.00484250841650344	-1.69925756778326	0.0458181658413183	0.00478704757965639	-10.499251168799	0.0010913568394598	NA	NA	NA	1083956.47354385	0.002	0	0.05	0.006	-5	0.02	0.002	-30	0.01	reduced	rep73
623	1	3	0.00660278720509081	-3.38500278363273	0	0.00308768565774586	-25.2391840390932	0.0847295671589191	0.000423849074917914	9.65159830653197	0.00474341168689923	1081556.83121426	0.002	0	0.05	0.006	-5	0.02	0.002	-30	0.01	full	rep74
4096	1	3	0.00566116189171254	-2.04218770004291	0.0419410195636586	0.00416839914039947	-14.1326284428584	0	NA	NA	NA	1081546.70256829	0.002	0	0.05	0.006	-5	0.02	0.002	-30	0.01	reduced	rep74
4746	1	3	0.00515671125895514	-4.57958531022293	0	0.00235669592799276	-0.69548658785499	0.0999079617642293	0.00237255141036849	-22.7429449334925	0	1081357.38723232	0.002	0	0.05	0.006	-5	0.02	0.002	-30	0.01	full	rep75
2532	1	3	0.0054671336508257	-1.99168414909749	0.0450701560013576	0.00424348876627731	-12.4923756420716	0	NA	NA	NA	1081353.5030264	0.002	0	0.05	0.006	-5	0.02	0.002	-30	0.01	reduced	rep75
3598	1	3	0.00575504295391237	-5.75790812375632	0.0421615111495241	0.00183380672071847	-32.9479243871899	0	0.00246590265408723	-0.278367085827538	0	1081251.21034003	0.002	0	0.05	0.006	-5	0.02	0.002	-30	0.01	full	rep76
4483	1	3	0.00562456113481545	-2.07706711823397	0.0428193215763173	0.0041599614550927	-13.3665630529216	0	NA	NA	NA	1081247.88961731	0.002	0	0.05	0.006	-5	0.02	0.002	-30	0.01	reduced	rep76
4925	1	3	0.00175803627379672	-49.2763418015854	0	0.0060428601222649	-5.91276939449864	0.0358292528706676	0.00242721557264711	-0.0721328772244708	0.00400296132716259	1085430.10485145	0.002	0	0.05	0.006	-5	0.02	0.002	-30	0.01	full	rep77
450	1	3	0.00540667517237442	-1.8907218400085	0.0420323612191032	0.00431140132589138	-12.5648464926795	0	NA	NA	NA	1085422.57978476	0.002	0	0.05	0.006	-5	0.02	0.002	-30	0.01	reduced	rep77
3416	1	3	0.000358338514008538	13.3812618543673	0	0.00320180356325899	-21.7706867955132	0.0754096871820556	0.00645944997596735	-3.21257969563989	0	1083608.09264148	0.002	0	0.05	0.006	-5	0.02	0.002	-30	0.01	full	rep78
2849	1	3	0.00549932234923233	-1.99832410639624	0.0447580803361132	0.00430461395507405	-13.0410224087998	0	NA	NA	NA	1083600.51436824	0.002	0	0.05	0.006	-5	0.02	0.002	-30	0.01	reduced	rep78
4125	1	3	0.00330535166983838	-18.2112681591632	0.076884923622217	0.00621870491272546	-3.07416056902738	0	0.000367672313706381	9.40558382550815	0	1086178.57046584	0.002	0	0.05	0.006	-5	0.02	0.002	-30	0.01	full	rep79
3626	1	3	0.00419559557836369	-12.9051181186721	0	0.0055662201830825	-2.01235762445388	0.0430753563396405	NA	NA	NA	1086175.79227757	0.002	0	0.05	0.006	-5	0.02	0.002	-30	0.01	reduced	rep79
2331	1	3	0.00269668442505291	-23.3952064066306	0	0.00175034487487155	-0.313280226145187	0.126123090345602	0.00551740406503593	-4.03747068691155	0	1077587.94852962	0.002	0	0.05	0.006	-5	0.02	0.002	-30	0.01	full	rep80
4138	1	3	0.00561339481433312	-2.04316084709644	0.0415519820279527	0.00416002082133776	-13.7774810366301	0	NA	NA	NA	1077583.5085194	0.002	0	0.05	0.006	-5	0.02	0.002	-30	0.01	reduced	rep80
4794	1	3	0.00611989385356644	-5.10726493335611	0.0351624448147555	0.00195177428269246	0.206099037545087	0	0.00191901540767698	-38.1641003957256	0	1073142.21928432	0.002	0	0.05	0.006	-5	0.02	0.002	-30	0.01	full	rep81
3317	1	3	0.00556644455134798	-1.99797838191691	0.0396976830551072	0.00403510141479223	-13.0576136195364	0	NA	NA	NA	1073135.32801031	0.002	0	0.05	0.006	-5	0.02	0.002	-30	0.01	reduced	rep81
1807	1	3	0.00463368795293994	-471.54579358704	0.0444448056752724	0.00428072683847107	-1.40936473201235	0.0512006647282029	0.00487319380009936	-8.61264233541925	0	1084981.1419624	0.002	0	0.05	0.006	-5	0.02	0.002	-30	0.01	full	rep82
1031	1	3	0.00532710300432077	-1.88995514546626	0.0450589432606528	0.00443031981184724	-12.3644157106837	0	NA	NA	NA	1084972.03428504	0.002	0	0.05	0.006	-5	0.02	0.002	-30	0.01	reduced	rep82
2959	1	3	0.00215571181429429	-143.104499650908	0.00811895526450544	0.0049245538967144	-1.76332233566922	0.0470355939024439	0.00407060344879516	-9.26183192895385	0	1083017.60827644	0.002	0	0.05	0.006	-5	0.02	0.002	-30	0.01	full	rep83
810	1	3	0.00397372811698913	-14.8467661318255	0	0.00586726941806634	-2.13495818780585	0.0413440630215029	NA	NA	NA	1083010.39439248	0.002	0	0.05	0.006	-5	0.02	0.002	-30	0.01	reduced	rep83
3373	1	3	0.000912535092811387	1.21608077009795	0.00523388951133082	0.00632017506913652	-3.66259428769857	0.0360771186726487	0.00273445395976259	-22.2139551345271	0	1084920.94205915	0.002	0	0.05	0.006	-5	0.02	0.002	-30	0.01	full	rep84
1105	1	3	0.00580011753041102	-2.11834749824369	0.0419368900034155	0.00401450851178091	-14.1118934531687	0	NA	NA	NA	1084917.1432416	0.002	0	0.05	0.006	-5	0.02	0.002	-30	0.01	reduced	rep84
460	1	3	0.00360743025256745	-8.45739211016994	0	0.00160529644861763	-49.2227283481621	0	0.00499614160082209	-1.84611407539564	0.0486850326911364	1082663.7661243	0.002	0	0.05	0.006	-5	0.02	0.002	-30	0.01	full	rep85
1621	1	3	0.0059823554657553	-2.20166824724457	0.0418212278818235	0.00382702783413342	-14.9487156092639	0	NA	NA	NA	1082659.50169075	0.002	0	0.05	0.006	-5	0.02	0.002	-30	0.01	reduced	rep85
691	1	3	0.00666441272285557	-5.56029676361617	0.0358767398312389	0.00180942656629745	-67.7344655412245	0	0.0019847430756229	0.293594616767524	0.00236050595519839	1091027.02329101	0.002	0	0.05	0.006	-5	0.02	0.002	-30	0.01	full	rep86
1543	1	3	0.00427722476031909	-11.8205168897567	0	0.00543767883591024	-1.96830167216098	0.0456070450147465	NA	NA	NA	1091017.12970199	0.002	0	0.05	0.006	-5	0.02	0.002	-30	0.01	reduced	rep86
3876	1	3	0.00511166059280889	-1.85434427907987	0.0468517582631183	0.0037779672957262	-9.46763823741281	0	0.00131515291091364	-53.7048775697826	0	1085884.79137936	0.002	0	0.05	0.006	-5	0.02	0.002	-30	0.01	full	rep87
2856	1	3	0.00404363240997444	-14.0908743720626	0	0.00578325027375552	-2.10528657809707	0.0422844807456253	NA	NA	NA	1085880.99721948	0.002	0	0.05	0.006	-5	0.02	0.002	-30	0.01	reduced	rep87
786	1	3	0.00168571600978556	-27.7439632299659	0.0213805753201126	0.00274445268146874	-0.381911089931973	0.00912039214607056	0.00542330298981551	-5.98739253269727	0.0355818544346954	1082382.39705425	0.002	0	0.05	0.006	-5	0.02	0.002	-30	0.01	full	rep88
3830	1	3	0.00431470491403274	-12.2571750218344	0.00629683896954869	0.00535021477869103	-1.86936972806532	0.0403013004330433	NA	NA	NA	1082379.88418518	0.002	0	0.05	0.006	-5	0.02	0.002	-30	0.01	reduced	rep88
1831	1	3	0.00622288714211836	-4.22751264179986	0.0287050315516603	0.00122070330692296	1.23656846582117	0.00437414046894992	0.0022838963931169	-19.7671028311418	0.0292840756622234	1080969.29852034	0.002	0	0.05	0.006	-5	0.02	0.002	-30	0.01	full	rep89
3474	1	3	0.0052397120181129	-1.87860993851503	0.0460381020694505	0.00435188301544299	-11.3097732520382	0	NA	NA	NA	1080967.4109338	0.002	0	0.05	0.006	-5	0.02	0.002	-30	0.01	reduced	rep89
2520	1	3	0.00460254945553677	-9.1561005767439	0	0.00460002949492925	-1.57230245772362	0.0497871520271835	0.00094408203703293	-76.4817604365441	0.0125207025865851	1088088.99897265	0.002	0	0.05	0.006	-5	0.02	0.002	-30	0.01	full	rep90
4874	1	3	0.00452701292457074	-11.7174278117479	0	0.00520498471765032	-1.83099023468157	0.0455230249616753	NA	NA	NA	1088086.82311159	0.002	0	0.05	0.006	-5	0.02	0.002	-30	0.01	reduced	rep90
4862	1	3	0.00274990867550277	-471.432225002842	0.045830734715039	0.00459738476571271	-9.95986041379007	0	0.00475287945478941	-1.64114577566737	0.0473484734148208	1080972.86508229	0.002	0	0.05	0.006	-5	0.02	0.002	-30	0.01	full	rep91
1813	1	3	0.00443891277091511	-12.1847981781453	0	0.00527417351059678	-1.87630786858135	0.0449394875180607	NA	NA	NA	1080969.7842512	0.002	0	0.05	0.006	-5	0.02	0.002	-30	0.01	reduced	rep91
3582	1	3	0.00416192184798796	-483.955523324276	0	0.00464916396119603	-9.76463690009771	0	0.00467251217671589	-1.57646717636881	0.0467144169438277	1088706.38302276	0.002	0	0.05	0.006	-5	0.02	0.002	-30	0.01	full	rep92
2686	1	3	0.00459085567123656	-12.7733249477495	0	0.00527152043923898	-1.83305093977337	0.0423608821786565	NA	NA	NA	1088699.31854907	0.002	0	0.05	0.006	-5	0.02	0.002	-30	0.01	reduced	rep92
2487	1	3	0.00205945080487119	-33.461667747209	0.0290666669763716	0.00129030759379362	0.94901670704754	0.152776552034224	0.00675108509350726	-4.54190682558784	0	1085315.81027825	0.002	0	0.05	0.006	-5	0.02	0.002	-30	0.01	full	rep93
2719	1	3	0.00454460190587415	-11.3557166776023	0	0.00516052930403398	-1.86334784152311	0.0482528592231247	NA	NA	NA	1085307.12082052	0.002	0	0.05	0.006	-5	0.02	0.002	-30	0.01	reduced	rep93
4287	1	3	0.00193950618281532	-78.4566921511977	0	0.00581769268168886	-5.93736853558441	0	0.00281702594330438	-0.742625723416707	0.0796325800405517	1084853.60923776	0.002	0	0.05	0.006	-5	0.02	0.002	-30	0.01	full	rep94
2897	1	3	0.00446923018910629	-11.272380004922	0	0.00519079930705192	-1.8712134077485	0.0457818152335693	NA	NA	NA	1084840.41826671	0.002	0	0.05	0.006	-5	0.02	0.002	-30	0.01	reduced	rep94
2779	1	3	0.000439440440100267	4.69169452207992	0.00274687151440788	0.0064444975742404	-3.2419577760086	0.0159243376933297	0.00298935161454277	-18.6808501965024	0.0492737920782567	1088103.71257838	0.002	0	0.05	0.006	-5	0.02	0.002	-30	0.01	full	rep95
351	1	3	0.00570697915153161	-2.08785899862022	0.0412212162931389	0.00404179323900176	-13.0328964345454	0	NA	NA	NA	1088101.59849975	0.002	0	0.05	0.006	-5	0.02	0.002	-30	0.01	reduced	rep95
4699	1	3	0.005768712229175	-5.75771266471013	0.0417016663187203	0.00250815188337443	-0.287257394228538	0	0.00172465005013935	-32.8161110600095	0	1085394.16908864	0.002	0	0.05	0.006	-5	0.02	0.002	-30	0.01	full	rep96
3529	1	3	0.00410965060767866	-13.0005955289468	0	0.00563403180952115	-2.05233851859158	0.0423555383792202	NA	NA	NA	1085390.1600486	0.002	0	0.05	0.006	-5	0.02	0.002	-30	0.01	reduced	rep96
366	1	3	0.00117306655158912	1.47213364003635	0	0.0023194723533528	-28.6848457079593	0.0189307595156652	0.00652684677031526	-4.35180952945848	0.028846646727253	1079536.84430675	0.002	0	0.05	0.006	-5	0.02	0.002	-30	0.01	full	rep97
3685	1	3	0.00537398391803655	-1.90864668194181	0.0427015820456227	0.00434416106894246	-12.6950115376149	0	NA	NA	NA	1079529.63075073	0.002	0	0.05	0.006	-5	0.02	0.002	-30	0.01	reduced	rep97
125	1	3	0.00338817315488145	-19.5244639288606	0.0724672157773281	0.00628245703001422	-3.02741873248603	0	0.000336625485838363	12.1793425415357	0	1090575.54746395	0.002	0	0.05	0.006	-5	0.02	0.002	-30	0.01	full	rep98
2219	1	3	0.00418538611184744	-13.7090468564462	0	0.00568147417995742	-2.04556607524869	0.0428424331560975	NA	NA	NA	1090571.38105852	0.002	0	0.05	0.006	-5	0.02	0.002	-30	0.01	reduced	rep98
4763	1	3	0.000464739667484883	2.71489699036596	0	0.00640720855702695	-3.15785654108363	0.0376415640318633	0.00307658914562798	-19.988779102731	0	1082984.29082549	0.002	0	0.05	0.006	-5	0.02	0.002	-30	0.01	full	rep99
476	1	3	0.00569438846140949	-2.06754194138959	0.0446625548017796	0.00412483974018727	-13.9214241881894	0	NA	NA	NA	1082980.64085714	0.002	0	0.05	0.006	-5	0.02	0.002	-30	0.01	reduced	rep99
4538	1	3	0.00471254551830649	-1.66160952050168	0.0494468994107451	0.00159281418540404	-181.921525277143	0.0176720001376285	0.00455298688181841	-9.59301328983043	0	1081528.77814859	0.002	0	0.05	0.006	-5	0.02	0.002	-30	0.01	full	rep100
2193	1	3	0.00532616396213771	-1.92395761609337	0.0454358728844359	0.00442464949736919	-12.3617119878462	0	NA	NA	NA	1081525.21978208	0.002	0	0.05	0.006	-5	0.02	0.002	-30	0.01	reduced	rep100
