run	imp	exit_code	theta_1	gamma_1	e_1	theta_2	gamma_2	e_2	theta_3	gamma_3	e_3	lnL	sim_theta_1	sim_gamma_1	sim_e_1	sim_theta_2	sim_gamma_2	sim_e_2	sim_theta_3	sim_gamma_3	sim_e_3	model	rep
1173	1	3	0.00213701629784371	-23.9944582069907	0	0.00415586096145653	-5.64146749844673	0	0.00361492035383252	-1.29993132356826	0.0642821146798238	2841616.6259474	0.002	0	0.05	0.006	-5	0.02	0.002	-30	0.01	full	rep1
7760	1	3	0.00307495878241985	-18.8777250486521	0.0237376726698282	0.000296829782245651	6.4579812008637	0.0237376726698282	0.00650769960934603	-3.01441904497251	0.0237376726698282	2841616.01179251	0.002	0	0.05	0.006	-5	0.02	0.002	-30	0.01	reduced	rep1
6499	1	3	0.00494904851469636	-6.06847790638689	0	0.00170409334541282	-33.7997815917059	0.0230485840488389	0.00331450247603091	-1.03315187330259	0.0631301525968194	2832733.13878898	0.002	0	0.05	0.006	-5	0.02	0.002	-30	0.01	full	rep2
9882	1	3	0.00652869618556198	-4.50091603215566	0.0250622761518602	0.00134807580860439	0.97633417908433	0.0250622761518602	0.00207585914291705	-28.8727120614021	0.0250622761518602	2832733.44177567	0.002	0	0.05	0.006	-5	0.02	0.002	-30	0.01	reduced	rep2
7169	1	3	0.00192068658478046	-28.0698672407546	0	0.00468814066581175	-5.9008137753381	0	0.00333388941272851	-1.10519429392702	0.0689618721282177	2827225.93864713	0.002	0	0.05	0.006	-5	0.02	0.002	-30	0.01	full	rep3
1178	1	3	0.000404943948119436	5.25599912042079	0.0235412179533267	0.00657869638766049	-3.29461099247998	0.0235412179533267	0.00291723477583924	-20.5003543676531	0.0235412179533267	2827225.49385778	0.002	0	0.05	0.006	-5	0.02	0.002	-30	0.01	reduced	rep3
9743	1	3	0.00141048614804966	0.667698979719838	0	0.00257263137104429	-21.2671577800003	0	0.0059296320857418	-4.23199098662383	0.0389623931290612	2830987.41099645	0.002	0	0.05	0.006	-5	0.02	0.002	-30	0.01	full	rep4
4844	1	3	0.00231792205221975	-24.8111299681154	0.0243696209598257	0.00632908319436958	-4.44915740333022	0.0243696209598257	0.00131193200079667	1.1317788915212	0.0243696209598257	2830988.86582908	0.002	0	0.05	0.006	-5	0.02	0.002	-30	0.01	reduced	rep4
932	1	3	0.00263225983436356	-23.8615556626947	0.0301061636793414	0.000786084184798172	2.51420204267476	0.0448882014665148	0.00658485573038664	-3.81398783185432	0.0204254523265681	2840721.70857794	0.002	0	0.05	0.006	-5	0.02	0.002	-30	0.01	full	rep5
2790	1	3	0.00125143455614878	1.23277130367926	0.0248625908604761	0.0064353765426091	-4.36064125239125	0.0248625908604761	0.00234104732170574	-26.8147439452963	0.0248625908604761	2840721.99205369	0.002	0	0.05	0.006	-5	0.02	0.002	-30	0.01	reduced	rep5
4014	1	3	0.00203948982492665	-24.8284659960583	0	0.00282850958646944	-0.897919148696515	0.0817824225494807	0.00502059321150963	-5.17459166831949	0	2836957.99083706	0.002	0	0.05	0.006	-5	0.02	0.002	-30	0.01	full	rep6
7657	1	3	0.00263020790776801	-21.1765984769403	0.0240262591888082	0.000514916632366312	3.96651315946048	0.0240262591888082	0.00673185393157093	-3.51192365345745	0.0240262591888082	2836956.92773214	0.002	0	0.05	0.006	-5	0.02	0.002	-30	0.01	reduced	rep6
1371	1	3	0.00107880355092199	-56.3021845638546	0	0.00410429779532348	-9.30279821225514	0.00475810041284301	0.0048694887867981	-1.72065447375791	0.0453845239952657	2829234.87633573	0.002	0	0.05	0.006	-5	0.02	0.002	-30	0.01	full	rep7
4884	1	3	0.00314854175527828	-18.9656029079599	0.0246187234165543	0.00639191456715635	-3.01209398280948	0.0246187234165543	0.000333040564834123	5.24273923729037	0.0246187234165543	2829231.24086096	0.002	0	0.05	0.006	-5	0.02	0.002	-30	0.01	reduced	rep7
2241	1	3	0.00220333973144313	-25.0330692144316	0	0.00165597502974242	0.405819421741577	0.0238828879513174	0.00606206781802576	-4.64445963761144	0.0321905248552326	2827342.62242243	0.002	0	0.05	0.006	-5	0.02	0.002	-30	0.01	full	rep8
8330	1	3	0.00268811000726996	-21.6151489125907	0.0243279919966566	0.00658343851950696	-3.63101556342325	0.0243279919966566	0.000630107831219664	3.20194912756273	0.0243279919966566	2827339.7998374	0.002	0	0.05	0.006	-5	0.02	0.002	-30	0.01	reduced	rep8
9108	1	3	0.00183787307991716	-34.986634539513	0	0.00389784071416219	-1.38022719222705	0.0595910722435352	0.00431044011835308	-6.42744037522635	0	2834108.23147398	0.002	0	0.05	0.006	-5	0.02	0.002	-30	0.01	full	rep9
3177	1	3	0.00235720045112722	-28.9930642183591	0.0244646334134012	0.000946010449437916	1.86789376101723	0.0244646334134012	0.0067300709613511	-4.07050427572211	0.0244646334134012	2834108.84401071	0.002	0	0.05	0.006	-5	0.02	0.002	-30	0.01	reduced	rep9
8912	1	3	0.00151219283211134	-35.9926411880109	0	0.00426054015317457	-1.50141115603058	0.0550264524893935	0.00422300212668412	-7.38949891554651	0	2834414.57265996	0.002	0	0.05	0.006	-5	0.02	0.002	-30	0.01	full	rep10
8245	1	3	0.00246893703670231	-24.0923016262726	0.024559739051743	0.00659631725305205	-3.94809430961411	0.024559739051743	0.000882820493573889	2.06953733303018	0.024559739051743	2834413.77728963	0.002	0	0.05	0.006	-5	0.02	0.002	-30	0.01	reduced	rep10
7496	1	3	0.00419596873105425	-8.03150799330472	0	0.00451002293854125	-1.63403256619991	0.0522197321653758	0.00125968300635885	-39.4228542557114	0	2831244.99002168	0.002	0	0.05	0.006	-5	0.02	0.002	-30	0.01	full	rep11
6318	1	3	0.00639497780945395	-4.59550013455447	0.0249669896089372	0.00142670740696098	0.842699782071108	0.0249669896089372	0.00210043170063213	-25.9828524336015	0.0249669896089372	2831242.79291868	0.002	0	0.05	0.006	-5	0.02	0.002	-30	0.01	reduced	rep11
233	1	3	0.00178255603198371	-38.6199794092625	0	0.00485585486405786	-6.21707649129103	0	0.00348085634088201	-1.19607925423651	0.0674245876417117	2837918.00556746	0.002	0	0.05	0.006	-5	0.02	0.002	-30	0.01	full	rep12
8626	1	3	0.00110660408925481	1.59996334904127	0.0246848787154101	0.00686479038342144	-4.45424324018951	0.0246848787154101	0.00214706728175147	-33.7525294577916	0.0246848787154101	2837918.61347573	0.002	0	0.05	0.006	-5	0.02	0.002	-30	0.01	reduced	rep12
2535	1	3	0.00518237271328909	-4.53565272970474	0.00505036020831594	0.00232330719806062	-0.624513305248306	0.0869030637344105	0.00247197910989401	-24.5235125515762	0.00484380388711678	2834865.4659201	0.002	0	0.05	0.006	-5	0.02	0.002	-30	0.01	full	rep13
371	1	3	0.00291309244753993	-21.986391171907	0.0246051192003501	0.000425863367070523	4.47841222252987	0.0246051192003501	0.00662834317349682	-3.28334069803102	0.0246051192003501	2834865.59647858	0.002	0	0.05	0.006	-5	0.02	0.002	-30	0.01	reduced	rep13
1445	1	3	0.00142672087605669	-39.2415958823914	0	0.00426408758672712	-7.76428570901223	0	0.00437909641757103	-1.55229362903938	0.0544842886429294	2845167.77878541	0.002	0	0.05	0.006	-5	0.02	0.002	-30	0.01	full	rep14
5864	1	3	0.000433370268841838	4.61170267481976	0.0243787108286142	0.00659764473776748	-3.31245286460123	0.0243787108286142	0.00294296838446676	-20.7093253425473	0.0243787108286142	2845167.70057637	0.002	0	0.05	0.006	-5	0.02	0.002	-30	0.01	reduced	rep14
7819	1	3	0.00397870981859609	-1.44376221005879	0.0583955982115509	0.00152489617011493	-42.0199584734405	0	0.00456438073578211	-6.90853235105807	0	2836210.39538284	0.002	0	0.05	0.006	-5	0.02	0.002	-30	0.01	full	rep15
8596	1	3	0.000862804877802693	2.1171496879956	0.0243027035701315	0.00225380577731147	-28.0284913252059	0.0243027035701315	0.00688845490594355	-4.09616835972594	0.0243027035701315	2836210.39327925	0.002	0	0.05	0.006	-5	0.02	0.002	-30	0.01	reduced	rep15
8398	1	3	0.0045248710873065	-1.63963086302044	0.0519549691417822	0.00176272875588476	-32.601334340313	0	0.00369437107205395	-7.34562706910333	0	2824858.76315327	0.002	0	0.05	0.006	-5	0.02	0.002	-30	0.01	full	rep16
1169	1	3	0.00127936301349733	1.00844732904536	0.0250272053308559	0.00633481162588295	-4.27499261638547	0.0250272053308559	0.0023683915746459	-27.2649357027035	0.0250272053308559	2824862.08891073	0.002	0	0.05	0.006	-5	0.02	0.002	-30	0.01	reduced	rep16
943	1	3	0.00420043217377948	-7.29677472013595	0.00128448777458595	0.0015515972399096	-34.3709472458267	0	0.00421594462738386	-1.48091955793968	0.0543442596162877	2828846.59042874	0.002	0	0.05	0.006	-5	0.02	0.002	-30	0.01	full	rep17
4548	1	3	0.00158411251438882	0.678018578953834	0.024949884651824	0.00208547458376425	-27.8469139138444	0.024949884651824	0.00628093945089878	-4.74709388353611	0.024949884651824	2828844.07425326	0.002	0	0.05	0.006	-5	0.02	0.002	-30	0.01	reduced	rep17
9607	1	3	0.00536464375199168	-4.36355845076516	0	0.00217465016145896	-0.620443245579276	0.108142258651532	0.00241665306843276	-24.1201541410665	0	2842673.03928109	0.002	0	0.05	0.006	-5	0.02	0.002	-30	0.01	full	rep18
2260	1	3	0.00302466375370434	-20.1957874953663	0.0239683597311992	0.00661540969134941	-3.05052542498422	0.0239683597311992	0.000286097111558733	7.21939434366862	0.0239683597311992	2842672.13399878	0.002	0	0.05	0.006	-5	0.02	0.002	-30	0.01	reduced	rep18
1173	1	3	0.00248698921414366	-20.4454199608585	0	0.00455768393520976	-4.69594635482638	0	0.00278703648767356	-0.965886513752731	0.084575110789978	2826307.967023	0.002	0	0.05	0.006	-5	0.02	0.002	-30	0.01	full	rep19
3649	1	3	0.000808577056952019	2.17804422688711	0.0250426171849737	0.00643196150030637	-3.76201939839221	0.0250426171849737	0.00261118039605044	-20.8070539872764	0.0250426171849737	2826310.80865308	0.002	0	0.05	0.006	-5	0.02	0.002	-30	0.01	reduced	rep19
2754	1	3	0.00308355480290966	-0.923982697952156	0.0740204577591056	0.00531836463446324	-5.9864619551064	0	0.00166611347865977	-40.4378929922491	0	2835541.59403754	0.002	0	0.05	0.006	-5	0.02	0.002	-30	0.01	full	rep20
7295	1	3	0.00122977003752452	1.45110683911738	0.0241736325102117	0.00688409678175376	-4.66393157770639	0.0241736325102117	0.00195313166760863	-35.6413315575829	0.0241736325102117	2835544.72032299	0.002	0	0.05	0.006	-5	0.02	0.002	-30	0.01	reduced	rep20
44	1	3	0.00172243740409397	-37.9331208772586	0	0.00228499631389997	-0.0826690916721003	0	0.00605375367321142	-5.58210937604209	0.040574270155788	2839577.24072458	0.002	0	0.05	0.006	-5	0.02	0.002	-30	0.01	full	rep21
2706	1	3	0.00636206212241266	-4.89664410677278	0.0255931934722816	0.00171147249219651	0.471256720288345	0.0255931934722816	0.00196058299012288	-32.7614132991362	0.0255931934722816	2839574.7347868	0.002	0	0.05	0.006	-5	0.02	0.002	-30	0.01	reduced	rep21
9597	1	3	0.00494505849136804	-1.7655660722485	0.0470131774315992	0.00440308934976499	-10.0540849315135	0	0.000845460259021858	-115.838316682438	0	2837017.75710535	0.002	0	0.05	0.006	-5	0.02	0.002	-30	0.01	full	rep22
9961	1	3	0.00602878405525538	-5.52013851719145	0.0246783092759073	0.00219334532324466	0.0208484046171591	0.0246783092759073	0.001740604210094	-30.5566604504145	0.0246783092759073	2837017.02175813	0.002	0	0.05	0.006	-5	0.02	0.002	-30	0.01	reduced	rep22
3679	1	3	0.000979561405852799	-73.7308599076734	0	0.00429732019432825	-9.54153704149219	0	0.00485230263836752	-1.76076709983397	0.0481236741562866	2828548.62570701	0.002	0	0.05	0.006	-5	0.02	0.002	-30	0.01	full	rep23
6735	1	3	0.00290062715468939	-20.2599767519146	0.0239275442600139	0.00653682333801522	-3.37616569245641	0.0239275442600139	0.000472088551616242	4.03420940363387	0.0239275442600139	2828547.75397924	0.002	0	0.05	0.006	-5	0.02	0.002	-30	0.01	reduced	rep23
9047	1	3	0.00452387761805035	-8.19265346365215	0	0.00121610104815135	-58.6883470673455	0.00132135149349198	0.00439512017724252	-1.55016857673313	0.0540448874198203	2837361.59412073	0.002	0	0.05	0.006	-5	0.02	0.002	-30	0.01	full	rep24
735	1	3	0.00183606134640978	0.420415403388439	0.0253188016891094	0.00638303259636324	-5.2256043526237	0.0253188016891094	0.00181439154522151	-33.7730651719743	0.0253188016891094	2837360.98065687	0.002	0	0.05	0.006	-5	0.02	0.002	-30	0.01	reduced	rep24
2513	1	3	0.00448810354685519	-1.62104371348033	0.0520822852470236	0.00404629025546403	-7.58453682245072	0	0.00143135717328446	-41.843991911314	0	2822269.47865303	0.002	0	0.05	0.006	-5	0.02	0.002	-30	0.01	full	rep25
1143	1	3	0.00671729042994424	-3.97066273457966	0.0246732350758007	0.000890723433990648	1.92553508572054	0.0246732350758007	0.00229656413105488	-26.7709400547758	0.0246732350758007	2822267.87028495	0.002	0	0.05	0.006	-5	0.02	0.002	-30	0.01	reduced	rep25
8389	1	3	0.00623718906553338	-4.55529217758902	0.0370350644597911	0.00148284058262274	0.699000059014822	0.00332159460436911	0.00230273746547134	-26.0218306706328	0	2838727.57581637	0.002	0	0.05	0.006	-5	0.02	0.002	-30	0.01	full	rep26
8388	1	3	0.00254757811592494	-24.3958680515224	0.0245292030426641	0.0066047370505307	-3.98657560892247	0.0245292030426641	0.000867731954882594	2.22056084198004	0.0245292030426641	2838724.46796802	0.002	0	0.05	0.006	-5	0.02	0.002	-30	0.01	reduced	rep26
4460	1	3	0.0026993810030794	-0.949335854858031	0.0797673631345846	0.0049008212801806	-4.70081416686944	0.00479027416193047	0.00229794567150738	-23.8943775298148	0	2835383.8560124	0.002	0	0.05	0.006	-5	0.02	0.002	-30	0.01	full	rep27
4773	1	3	0.00043953974204526	4.18114386965757	0.0248887380249006	0.00269696285498894	-22.1103710282798	0.0248887380249006	0.00676782878697808	-3.36277665190872	0.0248887380249006	2835386.51368055	0.002	0	0.05	0.006	-5	0.02	0.002	-30	0.01	reduced	rep27
4638	1	3	0.00662878459537546	-3.34594659755438	0	0.00286462744837339	-21.4748188533233	0.0861339644476338	0.000391363742346342	11.2418863935681	6.91639205633465e-05	2834253.66688339	0.002	0	0.05	0.006	-5	0.02	0.002	-30	0.01	full	rep28
7012	1	3	0.00689352681926678	-3.7489917154467	0.0242466264353783	0.00238938928121814	-24.2428421197475	0.0242466264353783	0.000619837359056603	3.36705846774286	0.0242466264353783	2834253.84979332	0.002	0	0.05	0.006	-5	0.02	0.002	-30	0.01	reduced	rep28
6499	1	3	0.00537692194770305	-5.04440581849495	0	0.00216598885754339	-29.1492541964641	0.0179533262357069	0.00248172806872671	-0.561943578033635	0.0837567773944395	2836400.07098166	0.002	0	0.05	0.006	-5	0.02	0.002	-30	0.01	full	rep29
2881	1	3	0.00679757923661732	-3.82847423625323	0.0246351631301182	0.00250510590586197	-27.1959617724802	0.0246351631301182	0.000733445756313672	2.68162703953115	0.0246351631301182	2836402.49705293	0.002	0	0.05	0.006	-5	0.02	0.002	-30	0.01	reduced	rep29
3265	1	3	0.00616317860113249	-4.46268874436696	0.0376224463354733	0.0022791266887615	-23.9464578221095	0	0.00150191562805733	0.631036158574634	0	2843620.2234657	0.002	0	0.05	0.006	-5	0.02	0.002	-30	0.01	full	rep30
2317	1	3	0.00658957947894517	-3.54910568893043	0.0239947147900013	0.00273820318088229	-21.1733075440813	0.0239947147900013	0.00060515115654615	3.22421348863975	0.0239947147900013	2843620.79528178	0.002	0	0.05	0.006	-5	0.02	0.002	-30	0.01	reduced	rep30
3396	1	3	0.00624894398483629	-4.48861376577327	0.0363120252080904	0.00144610192274879	0.767492482008308	0.000790355570994796	0.00229220616970017	-25.1186733584588	0	2842090.08872766	0.002	0	0.05	0.006	-5	0.02	0.002	-30	0.01	full	rep31
3113	1	3	0.00661777828377833	-3.57373241346277	0.0234952833925691	0.000592361783635585	3.45855404708651	0.0234952833925691	0.00276280666832535	-21.9400065404965	0.0234952833925691	2842089.96628871	0.002	0	0.05	0.006	-5	0.02	0.002	-30	0.01	reduced	rep31
1132	1	3	0.00450080467939452	-1.60576353162837	0.0521167016835095	0.00358712662969736	-7.35506765287005	0	0.00189877514190859	-27.7659203559189	0	2834690.33063375	0.002	0	0.05	0.006	-5	0.02	0.002	-30	0.01	full	rep32
8418	1	3	0.000764695813777773	2.37297627709082	0.0244443490956237	0.00647396338593173	-3.69995014290989	0.0244443490956237	0.00275002480395851	-23.0016696404498	0.0244443490956237	2834692.64448822	0.002	0	0.05	0.006	-5	0.02	0.002	-30	0.01	reduced	rep32
8003	1	3	0.00198424980029967	0.207293519083826	0.0278645408638756	0.00620578259365358	-5.281088599023	0.0285588243469407	0.00186982012719967	-33.7686691102494	0	2839070.10843891	0.002	0	0.05	0.006	-5	0.02	0.002	-30	0.01	full	rep33
5572	1	3	0.00221990464198346	-29.0509262961646	0.0241172826338322	0.00674253384391694	-4.37776341632402	0.0241172826338322	0.00108019465115631	1.8028323318587	0.0241172826338322	2839069.76347508	0.002	0	0.05	0.006	-5	0.02	0.002	-30	0.01	reduced	rep33
8313	1	3	0.00289836116864562	-0.860215084989225	0.0659649618758862	0.005045035302195	-5.35166330498998	0.00299871935126737	0.00203052262286651	-29.5465856401306	0.0212925970360465	2832926.56336678	0.002	0	0.05	0.006	-5	0.02	0.002	-30	0.01	full	rep34
6836	1	3	0.0065375963833729	-4.65090922874824	0.0251935637137299	0.00148496063078288	0.716296321318826	0.0251935637137299	0.002035476174775	-35.0294361312035	0.0251935637137299	2832928.73186673	0.002	0	0.05	0.006	-5	0.02	0.002	-30	0.01	reduced	rep34
4197	1	3	0.00374503609087342	-1.24372785975628	0.0585127137669573	0.00169293889957886	-28.4041604415784	0.00959537771094312	0.00449623001149914	-6.63096583384256	0	2836906.31708094	0.002	0	0.05	0.006	-5	0.02	0.002	-30	0.01	full	rep35
3738	1	3	0.000965258841474731	1.86855887944702	0.0241778478111875	0.00244416656544294	-22.8753707618924	0.0241778478111875	0.00651615361054078	-4.04817890923287	0.0241778478111875	2836907.13122393	0.002	0	0.05	0.006	-5	0.02	0.002	-30	0.01	reduced	rep35
9648	1	3	0.00550283299213493	-6.5734295262528	0.035537855822639	0.00295363336963138	-0.531181216790969	0.0131780172296995	0.00153709109478954	-34.2836321080837	0	2831027.83623659	0.002	0	0.05	0.006	-5	0.02	0.002	-30	0.01	full	rep36
3810	1	3	0.00566569746723107	-5.83693136183243	0.0243772807867132	0.0018114976923968	-29.9276873247909	0.0243772807867132	0.00250164549868602	-0.213726479425864	0.0243772807867132	2831026.83854114	0.002	0	0.05	0.006	-5	0.02	0.002	-30	0.01	reduced	rep36
4942	1	3	0.00426069244120802	-6.71348600283972	0	0.00400821439787185	-1.40167291306646	0.0576863021719398	0.00182625823032995	-36.1076393661166	0	2838786.91732578	0.002	0	0.05	0.006	-5	0.02	0.002	-30	0.01	full	rep37
526	1	3	0.00661173776040224	-4.13519419192576	0.0243102769406854	0.00241602392418481	-28.1654820239436	0.0243102769406854	0.00103206242894363	1.67083407654326	0.0243102769406854	2838785.77838399	0.002	0	0.05	0.006	-5	0.02	0.002	-30	0.01	reduced	rep37
8316	1	3	0.00139753434742464	0.815196080992256	0.00550554839708496	0.00212153907689207	-39.5426335495682	0	0.00663867972935542	-4.60410308910218	0.0333635057320663	2827331.19802136	0.002	0	0.05	0.006	-5	0.02	0.002	-30	0.01	full	rep38
5779	1	3	0.00270877545497097	-25.4242123481703	0.0239849959889646	0.00677435863996701	-3.51177633664663	0.0239849959889646	0.000524782491541841	3.61643734061095	0.0239849959889646	2827333.09655817	0.002	0	0.05	0.006	-5	0.02	0.002	-30	0.01	reduced	rep38
8316	1	3	0.0026332611145824	-0.309654498287465	0.00371110876223579	0.00165554754005745	-40.0777389289835	0.0115411886488693	0.00580884856290009	-6.09822975644339	0.0383906296263297	2838135.71261179	0.002	0	0.05	0.006	-5	0.02	0.002	-30	0.01	full	rep39
3306	1	3	0.00208648179003368	0.0323084688394634	0.0254296365220739	0.00589691865026849	-5.13899449464977	0.0254296365220739	0.00205188920644878	-30.1927799504612	0.0254296365220739	2838134.33525797	0.002	0	0.05	0.006	-5	0.02	0.002	-30	0.01	reduced	rep39
4387	1	3	0.00169770887050653	-33.7265248864877	0	0.00235315458306233	-0.204133078087032	0.0221800525022831	0.00594674593475486	-5.60793413909232	0.0314755200521104	2837217.14313982	0.002	0	0.05	0.006	-5	0.02	0.002	-30	0.01	full	rep40
2357	1	3	0.00652712542373349	-4.82474553583399	0.0249880951870371	0.00194464916625645	-30.8113375468986	0.0249880951870371	0.00152731299668798	0.786256204994639	0.0249880951870371	2837216.68867297	0.002	0	0.05	0.006	-5	0.02	0.002	-30	0.01	reduced	rep40
7553	1	3	0.00189691334695496	-27.8904630428743	0	0.00334239173640623	-1.10201804341107	0.0686990107336975	0.00468784971234659	-5.86017474000826	0	2831436.43806543	0.002	0	0.05	0.006	-5	0.02	0.002	-30	0.01	full	rep41
2417	1	3	0.00279234616087266	-20.8246087781572	0.0237056211717361	0.00661646880796367	-3.40730033075472	0.0237056211717361	0.000479718870359739	4.33792712804058	0.0237056211717361	2831435.97869355	0.002	0	0.05	0.006	-5	0.02	0.002	-30	0.01	reduced	rep41
2883	1	3	0.00344781167927365	-1.16257772515068	0.0677153223733033	0.00495955691272947	-6.25762932516306	0	0.00158250996907583	-37.1825383866566	0	2832586.0639102	0.002	0	0.05	0.006	-5	0.02	0.002	-30	0.01	full	rep42
1776	1	3	0.00208816760168292	-29.4376355526304	0.0245808755961366	0.000970738234391858	1.95536291462128	0.0245808755961366	0.00691024097975141	-4.28041886342711	0.0245808755961366	2832586.47812282	0.002	0	0.05	0.006	-5	0.02	0.002	-30	0.01	reduced	rep42
2481	1	3	0.00166060813491962	-39.9418279361656	2.69224314730643e-07	0.0049309430316654	-6.17213515886026	8.9852884748165e-08	0.00343377344488683	-1.15021395956317	0.0675290956242511	2828346.87183471	0.002	0	0.05	0.006	-5	0.02	0.002	-30	0.01	full	rep43
1456	1	3	0.00107875572459576	1.66827315391701	0.0245550571722968	0.00206015566258325	-32.7541099400651	0.0245550571722968	0.00686728884672233	-4.38547825673156	0.0245550571722968	2828349.38238993	0.002	0	0.05	0.006	-5	0.02	0.002	-30	0.01	reduced	rep43
3074	1	3	0.00101312713422339	-90.0931168332397	0	0.00517655841187747	-1.88158327820235	0.0457710628211918	0.00399844559836715	-10.0036107935403	0	2834942.49724543	0.002	0	0.05	0.006	-5	0.02	0.002	-30	0.01	full	rep44
3948	1	3	0.00177817388601901	-34.5167981598928	0.0252448161584805	0.00223821901310494	-0.100652024367453	0.0252448161584805	0.00598575147008784	-5.40734226069304	0.0252448161584805	2834938.50689118	0.002	0	0.05	0.006	-5	0.02	0.002	-30	0.01	reduced	rep44
8921	1	3	0.00659107203967181	-4.7960274650722	0.0358165461053041	0.0015353773500588	0.667161589824387	0	0.00189717499425196	-34.0527393728755	0	2836995.0329882	0.002	0	0.05	0.006	-5	0.02	0.002	-30	0.01	full	rep45
3085	1	3	0.000721888938794171	2.77339325035608	0.0244524815582744	0.00228056467033413	-28.1299435020878	0.0244524815582744	0.00698864547179117	-3.93495293060891	0.0244524815582744	2836994.25291206	0.002	0	0.05	0.006	-5	0.02	0.002	-30	0.01	reduced	rep45
2781	1	3	0.00216848097087405	0.12853056547834	1.447086148465e-08	0.00641423389080632	-5.75817586331191	0.0367046144064834	0.00160291377521902	-53.1219599535551	6.07905627807437e-07	2839419.12542222	0.002	0	0.05	0.006	-5	0.02	0.002	-30	0.01	full	rep46
7339	1	3	0.00176039969271548	-45.6035954225852	0.0245099607136705	0.00660843982700005	-5.24703041261228	0.0245099607136705	0.00178444135605024	0.513113822143636	0.0245099607136705	2839419.42868199	0.002	0	0.05	0.006	-5	0.02	0.002	-30	0.01	reduced	rep46
2139	1	3	0.00657343297347371	-4.42539471265972	0	0.00214116092081416	-31.7390930617044	0.0340803722562809	0.00133146452841484	0.830963278058805	0.133682165864396	2837177.23119138	0.002	0	0.05	0.006	-5	0.02	0.002	-30	0.01	full	rep47
5985	1	3	0.00665595095613539	-4.63442635638373	0.0245952525892561	0.00203638211836958	-33.546936470622	0.0245952525892561	0.00136461587272556	1.04067305785962	0.0245952525892561	2837177.18534787	0.002	0	0.05	0.006	-5	0.02	0.002	-30	0.01	reduced	rep47
8965	1	3	0.0017539925365708	0.505844447907399	0	0.00178877234414396	-32.8773430514442	0	0.00645675429657564	-5.17027042839283	0.0366929508968931	2832964.02306179	0.002	0	0.05	0.006	-5	0.02	0.002	-30	0.01	full	rep48
7733	1	3	0.00673182060699789	-4.70080541640641	0.0247410865290526	0.00196695479798239	-31.1264313077771	0.0247410865290526	0.00130530914804358	1.2338289772081	0.0247410865290526	2832963.79496342	0.002	0	0.05	0.006	-5	0.02	0.002	-30	0.01	reduced	rep48
5100	1	3	0.00602250698122458	-5.3531382696014	0.039477043606105	0.00187408672971407	-30.6010060143259	0	0.00208082857761866	0.128571305786137	0	2828876.83838964	0.002	0	0.05	0.006	-5	0.02	0.002	-30	0.01	full	rep49
9071	1	3	0.0014811335091937	0.852694843808549	0.0248319828141763	0.00214035054735815	-27.8422285531937	0.0248319828141763	0.00635199335624412	-4.67404197779852	0.0248319828141763	2828875.83628013	0.002	0	0.05	0.006	-5	0.02	0.002	-30	0.01	reduced	rep49
6096	1	3	0.00453570722116161	-9.29226051784529	0.000531788460341398	0.0010371966144633	-122.176997852976	0	0.00468914499971467	-1.65416054204869	0.0487937923796586	2828178.19033936	0.002	0	0.05	0.006	-5	0.02	0.002	-30	0.01	full	rep50
3083	1	3	0.00182644508950859	0.445258334454385	0.0244487977547331	0.00172926169141435	-34.0350266783428	0.0244487977547331	0.00640770883677873	-5.23047991454056	0.0244487977547331	2828175.76391326	0.002	0	0.05	0.006	-5	0.02	0.002	-30	0.01	reduced	rep50
3388	1	3	0.00446665618153826	-5.50729776026227	0	0.00217184909956103	-26.1379362933634	0	0.00334723613368363	-1.16809329714629	0.0700194253252717	2841600.38360228	0.002	0	0.05	0.006	-5	0.02	0.002	-30	0.01	full	rep51
7979	1	3	0.00262863730207121	-23.8733914347757	0.0244324865372366	0.000652569694780618	2.97849454785745	0.0244324865372366	0.00671297947095265	-3.67464957488055	0.0244324865372366	2841601.80909282	0.002	0	0.05	0.006	-5	0.02	0.002	-30	0.01	reduced	rep51
410	1	3	0.00383801133989525	-1.37559249996325	0.0627268953789614	0.0019398893284316	-31.9034938786543	0	0.00428310145941568	-6.41339981773835	0	2831183.2846277	0.002	0	0.05	0.006	-5	0.02	0.002	-30	0.01	full	rep52
1036	1	3	0.00671416427316122	-4.15505174324398	0.0252236964951483	0.00095358426879635	1.92290269713747	0.0252236964951483	0.00240180548356941	-28.5464616165881	0.0252236964951483	2831181.54782219	0.002	0	0.05	0.006	-5	0.02	0.002	-30	0.01	reduced	rep52
5129	1	3	0.00620759287024176	-5.30685676948175	0.03805194061426	0.00196642209456379	0.272300953453792	0	0.0017820174357712	-32.3235379102564	0	2826045.08610804	0.002	0	0.05	0.006	-5	0.02	0.002	-30	0.01	full	rep53
1538	1	3	0.00205867738568739	-29.2731768208784	0.0247001291695811	0.00134297700082742	1.1256098249876	0.0247001291695811	0.00655388653800828	-4.60695223762519	0.0247001291695811	2826046.35315802	0.002	0	0.05	0.006	-5	0.02	0.002	-30	0.01	reduced	rep53
5643	1	3	0.00233005312264864	-0.116524612660859	0.000134569551791943	0.0059604515299488	-5.59593310926132	0.0402388096436068	0.00172510614845729	-34.0589358142368	0	2842587.54514173	0.002	0	0.05	0.006	-5	0.02	0.002	-30	0.01	full	rep54
1320	1	3	0.00636109989818969	-4.14822598169783	0.0249151795548478	0.00240731483457875	-23.8459286551006	0.0249151795548478	0.00118275131544734	1.16770796074461	0.0249151795548478	2842588.7034083	0.002	0	0.05	0.006	-5	0.02	0.002	-30	0.01	reduced	rep54
5265	1	3	0.00218397802738395	-27.4803747647911	0.0229584845158659	0.00590833832846443	-4.74722934494415	0.0102134354309683	0.00189851145298886	0.0575397892843472	0.07106113523541	2837590.82045497	0.002	0	0.05	0.006	-5	0.02	0.002	-30	0.01	full	rep55
2105	1	3	0.00633981693645458	-4.50403648628784	0.0247067265254638	0.00142181331425262	0.863977832285963	0.0247067265254638	0.00222881127558707	-27.1389691620001	0.0247067265254638	2837590.8365394	0.002	0	0.05	0.006	-5	0.02	0.002	-30	0.01	reduced	rep55
9600	1	3	0.00198092831748481	-34.8421971080157	0	0.0063082458294613	-5.02071300268093	0.0366757855611649	0.00181940916408736	0.331555697143602	0.00282294064999002	2844063.0711811	0.002	0	0.05	0.006	-5	0.02	0.002	-30	0.01	full	rep56
5282	1	3	0.00681094093797218	-4.14009479482049	0.024457700968213	0.000947540068322657	1.93635590283979	0.024457700968213	0.00231894937562493	-29.5507597794093	0.024457700968213	2844060.03030541	0.002	0	0.05	0.006	-5	0.02	0.002	-30	0.01	reduced	rep56
9150	1	3	0.00609740815509741	-4.45405329226131	0	0.00171778721649975	-0.0455725875148091	0.132572413208978	0.0022096264465222	-27.9776144437432	0	2845419.16273203	0.002	0	0.05	0.006	-5	0.02	0.002	-30	0.01	full	rep57
6375	1	3	0.00205581190495205	-32.9187365849071	0.0242944221887578	0.00119387410568817	1.47682074180848	0.0242944221887578	0.00683807372510305	-4.5584242680863	0.0242944221887578	2845423.34066007	0.002	0	0.05	0.006	-5	0.02	0.002	-30	0.01	reduced	rep57
6434	1	3	0.00654052997985973	-4.43514119499671	0	0.00223312587050454	-32.6726699249513	0.0295064974377924	0.00134393622345661	0.841230846479239	0.138101765080237	2839924.98590624	0.002	0	0.05	0.006	-5	0.02	0.002	-30	0.01	full	rep58
4268	1	3	0.00673578003386824	-4.26178341127543	0.0246158493199582	0.00104538066022094	1.7697744400132	0.0246158493199582	0.00230885522236338	-30.3782637477591	0.0246158493199582	2839925.18404565	0.002	0	0.05	0.006	-5	0.02	0.002	-30	0.01	reduced	rep58
589	1	3	0.00241989832691971	-0.040214248117376	0.00118077133652086	0.00146137811713708	-53.9236173011561	0.00828628867784333	0.00623644890079096	-6.14315366522447	0.0364968956751988	2831456.58293486	0.002	0	0.05	0.006	-5	0.02	0.002	-30	0.01	full	rep59
8819	1	3	0.00170962697647181	-40.6677639182511	0.0246518901348979	0.00633277383056358	-5.42495718832239	0.0246518901348979	0.00201139460144778	0.259127851149549	0.0246518901348979	2831457.92731502	0.002	0	0.05	0.006	-5	0.02	0.002	-30	0.01	reduced	rep59
6303	1	3	0.00236544570359409	-23.5245873045461	0	0.00585248221471539	-4.36735775793513	0.0277390645565996	0.00171602085092552	0.0497422567176886	0.043328049302754	2839605.76808629	0.002	0	0.05	0.006	-5	0.02	0.002	-30	0.01	full	rep60
1026	1	3	0.000498735140398016	3.62083706544163	0.0246011874437626	0.00661917370258018	-3.38946377515152	0.0246011874437626	0.00280489923484778	-20.9530761140762	0.0246011874437626	2839605.22651599	0.002	0	0.05	0.006	-5	0.02	0.002	-30	0.01	reduced	rep60
6378	1	3	0.00458686185261838	-6.123438895702	0.001349838886329	0.00181058059156599	-32.0001132523293	0	0.00359564075934866	-1.26582323072788	0.0646946463839034	2833795.8641242	0.002	0	0.05	0.006	-5	0.02	0.002	-30	0.01	full	rep61
1522	1	3	0.00257836636800839	-23.7520487133098	0.0248849437027614	0.00678269855287281	-3.63948097964436	0.0248849437027614	0.000590451311055386	3.31159082300968	0.0248849437027614	2833795.51986405	0.002	0	0.05	0.006	-5	0.02	0.002	-30	0.01	reduced	rep61
3415	1	3	0.00410528364930162	-1.32882473906641	0.0358134756655285	0.00172284796435266	-29.5676341697181	0	0.00419898685982173	-7.46563470066712	0.0218873746617799	2841639.10062327	0.002	0	0.05	0.006	-5	0.02	0.002	-30	0.01	full	rep62
1433	1	3	0.00259907651127562	-23.2221129895406	0.0247805639206754	0.00583217021780788	-4.39315725682691	0.0247805639206754	0.00158429048549646	0.536358463738434	0.0247805639206754	2841639.24394079	0.002	0	0.05	0.006	-5	0.02	0.002	-30	0.01	reduced	rep62
5884	1	3	0.00113939480443401	-48.6424974266436	0	0.00461175220101955	-1.66334080176197	0.0514904601935324	0.0043478878542718	-8.65412760281384	0	2845376.85049072	0.002	0	0.05	0.006	-5	0.02	0.002	-30	0.01	full	rep63
390	1	3	0.00653075293029944	-3.93062505472814	0.024712494501645	0.0025933301731437	-22.3050310757274	0.024712494501645	0.000868890878736544	2.03400515266842	0.024712494501645	2845376.21847178	0.002	0	0.05	0.006	-5	0.02	0.002	-30	0.01	reduced	rep63
5002	1	3	0.00660027211458045	-3.84310440114584	0.0318804921725501	0.00253022229751681	-24.5202281019885	0.00945281827480992	0.000863471092056793	1.88289887587289	0	2843741.73624008	0.002	0	0.05	0.006	-5	0.02	0.002	-30	0.01	full	rep64
1756	1	3	0.00274746277779736	-23.0171386408515	0.0238824673587482	0.00672120505175368	-3.46719588111035	0.0238824673587482	0.000516589759864822	3.8851631401481	0.0238824673587482	2843741.4081588	0.002	0	0.05	0.006	-5	0.02	0.002	-30	0.01	reduced	rep64
539	1	3	0.00399434854566888	-1.41409637498897	0.0576670012279352	0.00181787253060157	-34.333742523553	0	0.00425761440029862	-6.68261954725901	0	2838491.00248055	0.002	0	0.05	0.006	-5	0.02	0.002	-30	0.01	full	rep65
4712	1	3	0.00120250235059081	1.27237506253643	0.0243331894601052	0.00654782842987845	-4.34494827613885	0.0243331894601052	0.00231335728393817	-29.0026855492688	0.0243331894601052	2838493.80138549	0.002	0	0.05	0.006	-5	0.02	0.002	-30	0.01	reduced	rep65
7628	1	3	0.00269735228091453	-0.486752137555561	0.0285534331192413	0.00179177301384892	-27.145303785768	0	0.00544604333249266	-5.82952340602415	0.0297245530028944	2837169.45901963	0.002	0	0.05	0.006	-5	0.02	0.002	-30	0.01	full	rep66
6464	1	3	0.00639288736184459	-4.21581204839391	0.0247631800374459	0.00113734911230524	1.41611950151083	0.0247631800374459	0.00240349383379428	-22.9776472013885	0.0247631800374459	2837169.68248249	0.002	0	0.05	0.006	-5	0.02	0.002	-30	0.01	reduced	rep66
2280	1	3	0.00513503958855379	-6.47390011160478	0.0286526593378357	0.00162022906525839	-30.3555964234351	0	0.00319575630712961	-0.778095887615319	0.0306913021865029	2836229.44252806	0.002	0	0.05	0.006	-5	0.02	0.002	-30	0.01	full	rep67
4325	1	3	0.00173718285312367	0.481278539685546	0.0255783191341875	0.00597725145635182	-4.76828020521916	0.0255783191341875	0.00222117428197056	-24.3807381460635	0.0255783191341875	2836229.56338517	0.002	0	0.05	0.006	-5	0.02	0.002	-30	0.01	reduced	rep67
384	1	3	0.00657492738681901	-4.3044664708148	0.034306480026275	0.00120876296311494	1.15987512778296	0	0.00220515266196519	-28.7383500481651	0	2835459.36024365	0.002	0	0.05	0.006	-5	0.02	0.002	-30	0.01	full	rep68
4918	1	3	0.000599560896862444	3.51845283570845	0.0234482744486173	0.00251600708958914	-25.8993272017781	0.0234482744486173	0.00686333145241412	-3.67799913739784	0.0234482744486173	2835460.15371667	0.002	0	0.05	0.006	-5	0.02	0.002	-30	0.01	reduced	rep68
5046	1	3	0.00130609414331561	-64.7073440894564	0	0.00491757179954252	-7.63455768566928	0	0.00398549395219985	-1.34220392831171	0.0562167541006679	2840237.27959342	0.002	0	0.05	0.006	-5	0.02	0.002	-30	0.01	full	rep69
6186	1	3	0.00168655641381234	-43.4081558768084	0.0237126159328746	0.00662466451563207	-5.42387757382959	0.0237126159328746	0.00182231372618217	0.527818829001335	0.0237126159328746	2840235.869685	0.002	0	0.05	0.006	-5	0.02	0.002	-30	0.01	reduced	rep69
9997	1	3	0.00299113953368326	-20.4286740043951	0.0368497940303872	0.000505873344696689	4.28365850010573	0.258996763629896	0.00643256536274524	-3.34161783041905	0.00147282901071611	2834446.49234525	0.002	0	0.05	0.006	-5	0.02	0.002	-30	0.01	full	rep70
583	1	3	0.00211248518543924	-27.8282771284869	0.0252383897370382	0.0018786636300734	0.301905953482691	0.0252383897370382	0.00599234025294538	-4.95068632090879	0.0252383897370382	2834448.71106471	0.002	0	0.05	0.006	-5	0.02	0.002	-30	0.01	reduced	rep70
2111	1	3	0.00466353140457191	-6.23264067845047	0	0.00357853916604076	-1.20958851627251	0.0649405225536244	0.00174104883179371	-34.305080962231	0	2828914.61583571	0.002	0	0.05	0.006	-5	0.02	0.002	-30	0.01	full	rep71
2096	1	3	0.00068905250147567	2.96408119064638	0.0242549828147017	0.00244701118527529	-25.6405929004751	0.0242549828147017	0.00681032359151232	-3.79608997113991	0.0242549828147017	2828913.13337558	0.002	0	0.05	0.006	-5	0.02	0.002	-30	0.01	reduced	rep71
9526	1	3	0.0048293721131139	-5.03836197630136	0	0.00279999966568786	-0.860527409225147	0.0840579617478486	0.00237006626770569	-24.7310272304857	0	2838086.29996874	0.002	0	0.05	0.006	-5	0.02	0.002	-30	0.01	full	rep72
296	1	3	0.00323030185019887	-19.5151455790059	0.0238666332509744	0.000311732401487492	6.94670737332552	0.0238666332509744	0.00641805419461829	-3.03198371401032	0.0238666332509744	2838085.25582379	0.002	0	0.05	0.006	-5	0.02	0.002	-30	0.01	reduced	rep72
4255	1	3	0.00540403820937166	-5.85736859753226	0	0.00165055003187435	-36.3179941686052	0	0.00294951365409276	-0.847601753313058	0.0781183660431274	2833940.63712003	0.002	0	0.05	0.006	-5	0.02	0.002	-30	0.01	full	rep73
7713	1	3	0.00201463362700258	-31.0148020607463	0.0243416120561609	0.00690561899271614	-4.47548290780926	0.0243416120561609	0.00107740690247589	1.81231976741505	0.0243416120561609	2833941.28362912	0.002	0	0.05	0.006	-5	0.02	0.002	-30	0.01	reduced	rep73
5414	1	3	0.00661658901948402	-3.12704528702119	0	0.00282517876247958	-20.0895758797165	0	0.000400856733870293	2.37863244347037	0.581416664007303	2827883.5873723	0.002	0	0.05	0.006	-5	0.02	0.002	-30	0.01	full	rep74
1991	1	3	0.00268761960171781	-21.5384976145039	0.0245147625323698	0.000417808918561876	4.27360341380449	0.0245147625323698	0.00675448103899373	-3.33667493163862	0.0245147625323698	2827883.63433732	0.002	0	0.05	0.006	-5	0.02	0.002	-30	0.01	reduced	rep74
2199	1	3	0.00594495613166388	-5.85352142973769	0.0408815668219306	0.00176342471849328	-34.1499958191775	0	0.00237989767261709	-0.0409860194611224	0	2846616.44495477	0.002	0	0.05	0.006	-5	0.02	0.002	-30	0.01	full	rep75
344	1	3	0.00222144592054171	-27.8993238241295	0.0250471177103123	0.00161091765807501	0.718143189110331	0.0250471177103123	0.00623444179902019	-4.77995160930894	0.0250471177103123	2846617.34024708	0.002	0	0.05	0.006	-5	0.02	0.002	-30	0.01	reduced	rep75
9556	1	3	0.00306559831868534	-0.857142292042143	0.0450693809564125	0.00189549424158044	-32.7357873082393	0	0.00510527075644428	-5.88687357859318	0.0196230216289472	2840984.27289803	0.002	0	0.05	0.006	-5	0.02	0.002	-30	0.01	full	rep76
999	1	3	0.00239959988045433	-27.5370040084143	0.0247721063208907	0.00663046127801584	-4.14336112821167	0.0247721063208907	0.0010263323492351	1.63209115108258	0.0247721063208907	2840985.71432013	0.002	0	0.05	0.006	-5	0.02	0.002	-30	0.01	reduced	rep76
1833	1	3	0.00442809572279113	-6.90715630001065	0	0.00387937949268325	-1.27751786429606	0.0572096559328949	0.001694023780535	-32.3766940484686	0	2834546.04280498	0.002	0	0.05	0.006	-5	0.02	0.002	-30	0.01	full	rep77
3339	1	3	0.00647589842122018	-3.89177581408953	0.0231722918519413	0.00261793883491868	-23.0854782723585	0.0231722918519413	0.000865981280707538	2.26539239555147	0.0231722918519413	2834544.38612086	0.002	0	0.05	0.006	-5	0.02	0.002	-30	0.01	reduced	rep77
9838	1	3	0.00637023878786162	-4.86709768519611	0.0369387356980115	0.00200328598699092	-33.9923674232732	0	0.00168224958065107	0.485463109894886	0	2833626.92516974	0.002	0	0.05	0.006	-5	0.02	0.002	-30	0.01	full	rep78
9930	1	3	0.000922442518337731	2.02338452753798	0.024487574289508	0.00229225983045827	-30.2842243098668	0.024487574289508	0.0068308682961899	-4.12224560864473	0.024487574289508	2833627.65468815	0.002	0	0.05	0.006	-5	0.02	0.002	-30	0.01	reduced	rep78
2375	1	3	0.0062688286343582	-5.87105402927586	0.0360535102745066	0.00162872300589786	-48.3169044575432	0	0.00229837323591667	0.0279707708978179	0.00493864589367393	2849502.14160059	0.002	0	0.05	0.006	-5	0.02	0.002	-30	0.01	full	rep79
9091	1	3	0.00172503677450201	-45.7953741900765	0.0246606063910797	0.00204739461636208	0.264912042019885	0.0246606063910797	0.00642110928915359	-5.54998683582282	0.0246606063910797	2849500.42261956	0.002	0	0.05	0.006	-5	0.02	0.002	-30	0.01	reduced	rep79
9195	1	3	0.00300945220456641	-1.01609234215173	0.0766477023420689	0.0050146403632023	-5.40032051900098	0	0.00205073211735054	-31.7554993805919	0	2842047.99159528	0.002	0	0.05	0.006	-5	0.02	0.002	-30	0.01	full	rep80
3115	1	3	0.000563507591192794	3.57729033927602	0.0239128027692707	0.0025797076975602	-26.0150041261751	0.0239128027692707	0.00690352345168585	-3.66205180956941	0.0239128027692707	2842047.8494863	0.002	0	0.05	0.006	-5	0.02	0.002	-30	0.01	reduced	rep80
619	1	3	0.00483449359915334	-6.26609000880739	0	0.00349012984786251	-1.18595893501434	0.0664393073285968	0.00164306202679669	-35.0407202325428	0	2825965.56842452	0.002	0	0.05	0.006	-5	0.02	0.002	-30	0.01	full	rep81
8604	1	3	0.0023952227114999	-25.0629116353369	0.024199970668868	0.000681525235894433	3.00565143177748	0.024199970668868	0.0068454715772601	-3.8431664224243	0.024199970668868	2825964.50707387	0.002	0	0.05	0.006	-5	0.02	0.002	-30	0.01	reduced	rep81
7849	1	3	0.00243446774941422	-0.138477665111242	0	0.00143670937462711	-41.6983392524193	0	0.00614448551620786	-6.10167393448638	0.0384612949298811	2830263.46431983	0.002	0	0.05	0.006	-5	0.02	0.002	-30	0.01	full	rep82
4760	1	3	0.00621510580300662	-5.58182926340562	0.0245873880372358	0.00164611435523461	-36.3724943770652	0.0245873880372358	0.00214272483103467	0.0585267378546906	0.0245873880372358	2830264.31565646	0.002	0	0.05	0.006	-5	0.02	0.002	-30	0.01	reduced	rep82
4781	1	3	0.00180786760057782	-35.6195811734699	0	0.00458690512222189	-6.30863452391581	0	0.00367497516252272	-1.26224234454343	0.0650219486991661	2838837.7221457	0.002	0	0.05	0.006	-5	0.02	0.002	-30	0.01	full	rep83
1179	1	3	0.000598881401899734	3.46715799260732	0.0247386016634291	0.00259112003817963	-25.3552793803291	0.0247386016634291	0.00682324624316466	-3.66408681680084	0.0247386016634291	2838835.60539499	0.002	0	0.05	0.006	-5	0.02	0.002	-30	0.01	reduced	rep83
2450	1	3	0.00504667498226146	-5.9825923369956	0	0.00179300067611758	-32.3792259255896	0	0.00318760020675832	-1.00093839905449	0.0711107141653405	2837973.23714589	0.002	0	0.05	0.006	-5	0.02	0.002	-30	0.01	full	rep84
2228	1	3	0.00222945283020051	-27.5052746542661	0.0238634788731039	0.00105828272756794	1.76934091413719	0.0238634788731039	0.0067284211579258	-4.34652076371387	0.0238634788731039	2837974.52829019	0.002	0	0.05	0.006	-5	0.02	0.002	-30	0.01	reduced	rep84
786	1	3	0.00187568260256457	-28.8281139888272	0	0.00615763998209495	-5.16850674311165	0.0389657530664859	0.00193726657400282	0.243059638873485	0	2841420.46336538	0.002	0	0.05	0.006	-5	0.02	0.002	-30	0.01	full	rep85
4894	1	3	0.00103215652206813	1.67665503310746	0.0248782708102451	0.0065882401750448	-4.16071833834163	0.0248782708102451	0.00232860964020217	-24.2087547600343	0.0248782708102451	2841419.83826064	0.002	0	0.05	0.006	-5	0.02	0.002	-30	0.01	reduced	rep85
9685	1	3	0.00404524215664982	-6.84014067676926	0	0.00422165821297289	-1.56979473392154	0.0553919746077271	0.00184372547598664	-35.5294198322841	0	2838388.51257792	0.002	0	0.05	0.006	-5	0.02	0.002	-30	0.01	full	rep86
4471	1	3	0.00294702617702146	-22.6805211395285	0.023823494355243	0.000339763470876766	5.63403464236861	0.023823494355243	0.00673592087527214	-3.22948470031142	0.023823494355243	2838386.14141204	0.002	0	0.05	0.006	-5	0.02	0.002	-30	0.01	reduced	rep86
9830	1	3	0.00453483806475405	-8.552348835132	1.58054421037779e-07	0.00448748148008042	-1.55229003381402	0.0516843701688737	0.00112278259088606	-63.6722951864316	1.83428277755748e-07	2843941.14765692	0.002	0	0.05	0.006	-5	0.02	0.002	-30	0.01	full	rep87
2221	1	3	0.00177573727851614	-34.6769256270073	0.0245660425302177	0.00633358247779744	-5.34643118650404	0.0245660425302177	0.00193985679986208	0.352334892249009	0.0245660425302177	2843942.39928109	0.002	0	0.05	0.006	-5	0.02	0.002	-30	0.01	reduced	rep87
1416	1	3	0.00471757931550619	-6.41836569027302	0	0.00175719157608718	-39.8613052098178	0	0.00367531647814901	-1.26550025894036	0.0634313136235403	2847830.57950237	0.002	0	0.05	0.006	-5	0.02	0.002	-30	0.01	full	rep88
8919	1	3	0.00685311909869458	-4.31019827475985	0.0244194587110009	0.00223089038574484	-32.1147311967207	0.0244194587110009	0.00104240693872882	1.73792413666095	0.0244194587110009	2847831.0680293	0.002	0	0.05	0.006	-5	0.02	0.002	-30	0.01	reduced	rep88
5486	1	3	0.00236748641620238	-0.369368825612342	0.0786699164292253	0.00214230037583091	-26.3443806147567	0.0274978690800181	0.00546508504779229	-5.0735564938409	0	2841849.01511701	0.002	0	0.05	0.006	-5	0.02	0.002	-30	0.01	full	rep89
6023	1	3	0.00109439356141804	-121.874728063723	0.0252260372994722	0.0055494970483103	-8.20435525850903	0.0252260372994722	0.00368512845622876	-0.96044650146845	0.0252260372994722	2841834.74269244	0.002	0	0.05	0.006	-5	0.02	0.002	-30	0.01	reduced	rep89
130	1	3	0.00198384441555985	-30.0972704798594	0	0.00336871259396076	-1.14162039131536	0.0685845829370198	0.00465842664881513	-5.77248728887779	0	2837997.69763631	0.002	0	0.05	0.006	-5	0.02	0.002	-30	0.01	full	rep90
2714	1	3	0.0067542470371842	-3.56680971825995	0.0239515614289074	0.000557869207195991	3.63572380443144	0.0239515614289074	0.00266976221956193	-23.7855204125675	0.0239515614289074	2837997.54875639	0.002	0	0.05	0.006	-5	0.02	0.002	-30	0.01	reduced	rep90
578	1	3	0.00609952787801926	-5.474438149455	0.0394146414717869	0.0021612170558117	0.0309177827359989	0	0.00188131378023367	-37.2989795927285	0	2842099.22360584	0.002	0	0.05	0.006	-5	0.02	0.002	-30	0.01	full	rep91
4574	1	3	0.00647992283143976	-4.81330028088116	0.0249342697081974	0.00155677774846798	0.716634793365379	0.0249342697081974	0.00210402285222538	-34.2352640936647	0.0249342697081974	2842099.37691323	0.002	0	0.05	0.006	-5	0.02	0.002	-30	0.01	reduced	rep91
119	1	3	0.00424650872604735	-9.30359381469697	0	0.00102253124249831	-67.9884413106888	0	0.00481624118099583	-1.68265797005434	0.0482201656533362	2831803.36183862	0.002	0	0.05	0.006	-5	0.02	0.002	-30	0.01	full	rep92
4418	1	3	0.00610143940228995	-5.19299422606302	0.0246701210872778	0.00197213501259503	0.275171666763392	0.0246701210872778	0.00188014277686078	-30.6037173322742	0.0246701210872778	2831801.31668265	0.002	0	0.05	0.006	-5	0.02	0.002	-30	0.01	reduced	rep92
2032	1	3	0.00164147371553719	0.459416690015216	0.00440114530632171	0.00212399484081439	-29.8075376548945	0	0.00624486713350097	-4.66783674515862	0.0361486344978392	2836820.15357418	0.002	0	0.05	0.006	-5	0.02	0.002	-30	0.01	full	rep93
1479	1	3	0.00295690665394542	-20.8838870200794	0.0238737700251172	0.00660060513378137	-3.1755306169061	0.0238737700251172	0.000369848682475796	5.19717351870136	0.0238737700251172	2836819.66289124	0.002	0	0.05	0.006	-5	0.02	0.002	-30	0.01	reduced	rep93
8093	1	3	0.0047232868387811	-1.66306819872518	0.047141454511068	0.00154691938191614	-180.967874554718	0.0203723491094696	0.00449303308184823	-9.22118488589975	0	2840235.72867622	0.002	0	0.05	0.006	-5	0.02	0.002	-30	0.01	full	rep94
3429	1	3	0.00143007404743153	0.947215135626891	0.0239989760477243	0.00670896787138246	-4.76016722737729	0.0239989760477243	0.00196981829056738	-37.3666176842136	0.0239989760477243	2840234.8790453	0.002	0	0.05	0.006	-5	0.02	0.002	-30	0.01	reduced	rep94
8093	1	3	0.00519221918370646	-1.88196974161352	0.0460053793188371	0.000990583624775213	-126.028957864113	0	0.00414298670717599	-10.5425950579236	0	2838336.35089291	0.002	0	0.05	0.006	-5	0.02	0.002	-30	0.01	full	rep95
2686	1	3	0.00307862317103292	-19.7426990980334	0.0239527601522452	0.000303050894145113	6.44177650599524	0.0239527601522452	0.0065445068657596	-3.06741974027981	0.0239527601522452	2838336.32693411	0.002	0	0.05	0.006	-5	0.02	0.002	-30	0.01	reduced	rep95
8814	1	3	0.00522407943007442	-5.81029950455833	0	0.00310485646856644	-0.968271187950265	0.0752974036647213	0.0016589458035261	-37.5155355587044	0	2833894.92512	0.002	0	0.05	0.006	-5	0.02	0.002	-30	0.01	full	rep96
6804	1	3	0.00700060698932217	-3.83134044755402	0.0243403055068949	0.00228440120839953	-26.8926164973579	0.0243403055068949	0.00064558033600548	3.35127870113912	0.0243403055068949	2833892.7980225	0.002	0	0.05	0.006	-5	0.02	0.002	-30	0.01	reduced	rep96
6008	1	3	0.00350169546803496	-11.6325951634864	0	0.000786958001946569	-25.0744956406487	0	0.00555059840207297	-2.02851357402098	0.0430645228849058	2837019.08962428	0.002	0	0.05	0.006	-5	0.02	0.002	-30	0.01	full	rep97
7104	1	3	0.00246333340851844	-23.9534567919366	0.024549812023999	0.000869631236055794	1.95536079882233	0.024549812023999	0.00661522336172891	-3.91219954801645	0.024549812023999	2837027.32397014	0.002	0	0.05	0.006	-5	0.02	0.002	-30	0.01	reduced	rep97
6100	1	3	0.00106336374361373	1.92885339547661	0.00192520088333738	0.00229253718364452	-29.3238590097121	0.0395127758978481	0.00667707761487465	-4.31881302963703	0.0243833496019983	2831189.66035818	0.002	0	0.05	0.006	-5	0.02	0.002	-30	0.01	full	rep98
999	1	3	0.00635466740756157	-4.78073759113057	0.0247879894292043	0.00157176699432841	0.756393978787867	0.0247879894292043	0.00211243385535919	-31.3091405464162	0.0247879894292043	2831189.10226401	0.002	0	0.05	0.006	-5	0.02	0.002	-30	0.01	reduced	rep98
6916	1	3	0.00519961899409354	-4.95775903082826	0.0150948015014555	0.00224867490714754	-23.8108000698149	0	0.00248364331147219	-0.557745349860896	0.0603815813174727	2841263.51711122	0.002	0	0.05	0.006	-5	0.02	0.002	-30	0.01	full	rep99
4091	1	3	0.00280036353220926	-21.0823896571186	0.0235788277782752	0.0065885642235202	-3.44878662934508	0.0235788277782752	0.000539993360138824	3.6519525345571	0.0235788277782752	2841261.93234928	0.002	0	0.05	0.006	-5	0.02	0.002	-30	0.01	reduced	rep99
3132	1	3	0.00317825564125878	-1.00770163196064	0.0718621307494628	0.00183269642695442	-32.1674279120278	0	0.00495067809077515	-5.7702296246158	0.00138586043277283	2827437.73856053	0.002	0	0.05	0.006	-5	0.02	0.002	-30	0.01	full	rep100
9229	1	3	0.0067999900854717	-4.0232310462931	0.0247701056923699	0.000844296627928137	2.36634529973312	0.0247701056923699	0.00231139241216723	-27.2596462548264	0.0247701056923699	2827441.58809593	0.002	0	0.05	0.006	-5	0.02	0.002	-30	0.01	reduced	rep100
