run	imp	exit_code	theta_1	gamma_1	e_1	theta_2	gamma_2	e_2	theta_3	gamma_3	e_3	lnL	sim_theta_1	sim_gamma_1	sim_e_1	sim_theta_2	sim_gamma_2	sim_e_2	sim_theta_3	sim_gamma_3	sim_e_3	model	rep
1173	1	3	0.00213701629784371	-23.9944582069907	0	0.00415586096145653	-5.64146749844673	0	0.00361492035383252	-1.29993132356826	0.0642821146798238	2841616.6259474	0.002	0	0.05	0.006	-5	0.02	0.002	-30	0.01	full	rep1
9587	1	3	0.00408743448060511	-13.503591780721	0	0.0057063315861118	-2.06148060856114	0.0419896592300474	NA	NA	NA	2841605.55545913	0.002	0	0.05	0.006	-5	0.02	0.002	-30	0.01	reduced	rep1
6499	1	3	0.00494904851469636	-6.06847790638689	0	0.00170409334541282	-33.7997815917059	0.0230485840488389	0.00331450247603091	-1.03315187330259	0.0631301525968194	2832733.13878898	0.002	0	0.05	0.006	-5	0.02	0.002	-30	0.01	full	rep2
8432	1	3	0.00404895293281456	-13.455409026343	0	0.00570918186176497	-2.07499269236491	0.0424557767554688	NA	NA	NA	2832715.77564378	0.002	0	0.05	0.006	-5	0.02	0.002	-30	0.01	reduced	rep2
7169	1	3	0.00192068658478046	-28.0698672407546	0	0.00468814066581175	-5.9008137753381	0	0.00333388941272851	-1.10519429392702	0.0689618721282177	2827225.93864713	0.002	0	0.05	0.006	-5	0.02	0.002	-30	0.01	full	rep3
2870	1	3	0.00545072361513231	-1.97081647251086	0.0437197550973799	0.0043258971464287	-12.9478294032349	0	NA	NA	NA	2827209.42970696	0.002	0	0.05	0.006	-5	0.02	0.002	-30	0.01	reduced	rep3
9743	1	3	0.00141048614804966	0.667698979719838	0	0.00257263137104429	-21.2671577800003	0	0.0059296320857418	-4.23199098662383	0.0389623931290612	2830987.41099645	0.002	0	0.05	0.006	-5	0.02	0.002	-30	0.01	full	rep4
7293	1	3	0.00437413935164161	-13.0004717171219	0	0.00542650016330327	-1.94959860830033	0.0435941932060671	NA	NA	NA	2830975.93132902	0.002	0	0.05	0.006	-5	0.02	0.002	-30	0.01	reduced	rep4
932	1	3	0.00263225983436356	-23.8615556626947	0.0301061636793414	0.000786084184798172	2.51420204267476	0.0448882014665148	0.00658485573038664	-3.81398783185432	0.0204254523265681	2840721.70857794	0.002	0	0.05	0.006	-5	0.02	0.002	-30	0.01	full	rep5
5854	1	3	0.00561018489605535	-2.00895100268626	0.0432294522785532	0.00423604256670504	-13.712866154787	0	NA	NA	NA	2840705.35204508	0.002	0	0.05	0.006	-5	0.02	0.002	-30	0.01	reduced	rep5
4014	1	3	0.00203948982492665	-24.8284659960583	0	0.00282850958646944	-0.897919148696515	0.0817824225494807	0.00502059321150963	-5.17459166831949	0	2836957.99083706	0.002	0	0.05	0.006	-5	0.02	0.002	-30	0.01	full	rep6
1496	1	3	0.00549520843544113	-1.99032841802949	0.043696902077127	0.00425407566999662	-12.5399092566997	0	NA	NA	NA	2836943.78324671	0.002	0	0.05	0.006	-5	0.02	0.002	-30	0.01	reduced	rep6
1371	1	3	0.00107880355092199	-56.3021845638546	0	0.00410429779532348	-9.30279821225514	0.00475810041284301	0.0048694887867981	-1.72065447375791	0.0453845239952657	2829234.87633573	0.002	0	0.05	0.006	-5	0.02	0.002	-30	0.01	full	rep7
5178	1	3	0.00404342086173191	-14.1410275165949	0	0.00575293480493712	-2.08149448193979	0.0423181590465529	NA	NA	NA	2829225.97195372	0.002	0	0.05	0.006	-5	0.02	0.002	-30	0.01	reduced	rep7
2241	1	3	0.00220333973144313	-25.0330692144316	0	0.00165597502974242	0.405819421741577	0.0238828879513174	0.00606206781802576	-4.64445963761144	0.0321905248552326	2827342.62242243	0.002	0	0.05	0.006	-5	0.02	0.002	-30	0.01	full	rep8
2775	1	3	0.00432043062570813	-12.9076426737344	0	0.00544969773655199	-1.96522670570763	0.0442326102009811	NA	NA	NA	2827327.60577571	0.002	0	0.05	0.006	-5	0.02	0.002	-30	0.01	reduced	rep8
9108	1	3	0.00183787307991716	-34.986634539513	0	0.00389784071416219	-1.38022719222705	0.0595910722435352	0.00431044011835308	-6.42744037522635	0	2834108.23147398	0.002	0	0.05	0.006	-5	0.02	0.002	-30	0.01	full	rep9
5294	1	3	0.00400175468401251	-14.5133445103977	0	0.0058251843031899	-2.11174584847317	0.0413530610327952	NA	NA	NA	2834087.49105431	0.002	0	0.05	0.006	-5	0.02	0.002	-30	0.01	reduced	rep9
8912	1	3	0.00151219283211134	-35.9926411880109	0	0.00426054015317457	-1.50141115603058	0.0550264524893935	0.00422300212668412	-7.38949891554651	0	2834414.57265996	0.002	0	0.05	0.006	-5	0.02	0.002	-30	0.01	full	rep10
3532	1	3	0.00559934662104534	-2.02119463842026	0.0430483778543281	0.00419664268150594	-13.3935771629679	0	NA	NA	NA	2834401.00732541	0.002	0	0.05	0.006	-5	0.02	0.002	-30	0.01	reduced	rep10
7496	1	3	0.00419596873105425	-8.03150799330472	0	0.00451002293854125	-1.63403256619991	0.0522197321653758	0.00125968300635885	-39.4228542557114	0	2831244.99002168	0.002	0	0.05	0.006	-5	0.02	0.002	-30	0.01	full	rep11
4403	1	3	0.00419704811926814	-12.9737879481894	0	0.00556919306327893	-2.0408384309627	0.0432569236966967	NA	NA	NA	2831233.11889557	0.002	0	0.05	0.006	-5	0.02	0.002	-30	0.01	reduced	rep11
233	1	3	0.00178255603198371	-38.6199794092625	0	0.00485585486405786	-6.21707649129103	0	0.00348085634088201	-1.19607925423651	0.0674245876417117	2837918.00556746	0.002	0	0.05	0.006	-5	0.02	0.002	-30	0.01	full	rep12
5282	1	3	0.00568057044603026	-2.0835418597631	0.043030703155457	0.00416603477190926	-13.7803584125444	0	NA	NA	NA	2837888.78040551	0.002	0	0.05	0.006	-5	0.02	0.002	-30	0.01	reduced	rep12
2535	1	3	0.00518237271328909	-4.53565272970474	0.00505036020831594	0.00232330719806062	-0.624513305248306	0.0869030637344105	0.00247197910989401	-24.5235125515762	0.00484380388711678	2834865.4659201	0.002	0	0.05	0.006	-5	0.02	0.002	-30	0.01	full	rep13
5755	1	3	0.00402020561142562	-14.6809203235368	0	0.00583097722171341	-2.11622941113993	0.0421887507164031	NA	NA	NA	2834851.78747969	0.002	0	0.05	0.006	-5	0.02	0.002	-30	0.01	reduced	rep13
1445	1	3	0.00142672087605669	-39.2415958823914	0	0.00426408758672712	-7.76428570901223	0	0.00437909641757103	-1.55229362903938	0.0544842886429294	2845167.77878541	0.002	0	0.05	0.006	-5	0.02	0.002	-30	0.01	full	rep14
5979	1	3	0.00424825351587096	-13.4460018664065	0	0.00560527440460476	-2.03036084947737	0.043712099917127	NA	NA	NA	2845154.63630349	0.002	0	0.05	0.006	-5	0.02	0.002	-30	0.01	reduced	rep14
7819	1	3	0.00397870981859609	-1.44376221005879	0.0583955982115509	0.00152489617011493	-42.0199584734405	0	0.00456438073578211	-6.90853235105807	0	2836210.39538284	0.002	0	0.05	0.006	-5	0.02	0.002	-30	0.01	full	rep15
7252	1	3	0.00409059824117282	-13.5160427729358	0	0.0057147976786462	-2.11518829786242	0.042069288297033	NA	NA	NA	2836189.57345558	0.002	0	0.05	0.006	-5	0.02	0.002	-30	0.01	reduced	rep15
8398	1	3	0.0045248710873065	-1.63963086302044	0.0519549691417822	0.00176272875588476	-32.601334340313	0	0.00369437107205395	-7.34562706910333	0	2824858.76315327	0.002	0	0.05	0.006	-5	0.02	0.002	-30	0.01	full	rep16
7776	1	3	0.00584747842111072	-2.12478680487866	0.041306298055838	0.00396475486894675	-14.8153098885741	0	NA	NA	NA	2824845.72580299	0.002	0	0.05	0.006	-5	0.02	0.002	-30	0.01	reduced	rep16
943	1	3	0.00420043217377948	-7.29677472013595	0.00128448777458595	0.0015515972399096	-34.3709472458267	0	0.00421594462738386	-1.48091955793968	0.0543442596162877	2828846.59042874	0.002	0	0.05	0.006	-5	0.02	0.002	-30	0.01	full	rep17
1089	1	3	0.00419269007385609	-13.3729910319741	0	0.00558416918786229	-2.01680734467533	0.0430708801530672	NA	NA	NA	2828834.13155559	0.002	0	0.05	0.006	-5	0.02	0.002	-30	0.01	reduced	rep17
9607	1	3	0.00536464375199168	-4.36355845076516	0	0.00217465016145896	-0.620443245579276	0.108142258651532	0.00241665306843276	-24.1201541410665	0	2842673.03928109	0.002	0	0.05	0.006	-5	0.02	0.002	-30	0.01	full	rep18
7793	1	3	0.00404250519772264	-13.9665165001761	0	0.00578267234563625	-2.09548347012144	0.0424228208980865	NA	NA	NA	2842658.01475987	0.002	0	0.05	0.006	-5	0.02	0.002	-30	0.01	reduced	rep18
1173	1	3	0.00248698921414366	-20.4454199608585	0	0.00455768393520976	-4.69594635482638	0	0.00278703648767356	-0.965886513752731	0.084575110789978	2826307.967023	0.002	0	0.05	0.006	-5	0.02	0.002	-30	0.01	full	rep19
2954	1	3	0.00421350659100713	-12.9138126556495	0	0.00552644800396626	-2.00128979283167	0.043969762437027	NA	NA	NA	2826299.5277676	0.002	0	0.05	0.006	-5	0.02	0.002	-30	0.01	reduced	rep19
2754	1	3	0.00308355480290966	-0.923982697952156	0.0740204577591056	0.00531836463446324	-5.9864619551064	0	0.00166611347865977	-40.4378929922491	0	2835541.59403754	0.002	0	0.05	0.006	-5	0.02	0.002	-30	0.01	full	rep20
10	1	3	0.00435274896269715	-12.5522415498718	0	0.00541511341865319	-1.94895993957077	0.0440015359575389	NA	NA	NA	2835510.44535403	0.002	0	0.05	0.006	-5	0.02	0.002	-30	0.01	reduced	rep20
44	1	3	0.00172243740409397	-37.9331208772586	0	0.00228499631389997	-0.0826690916721003	0	0.00605375367321142	-5.58210937604209	0.040574270155788	2839577.24072458	0.002	0	0.05	0.006	-5	0.02	0.002	-30	0.01	full	rep21
1929	1	3	0.00400386761646487	-14.0167172921178	0	0.00580938207441574	-2.11545778453378	0.0425422784367697	NA	NA	NA	2839559.04870156	0.002	0	0.05	0.006	-5	0.02	0.002	-30	0.01	reduced	rep21
9597	1	3	0.00494505849136804	-1.7655660722485	0.0470131774315992	0.00440308934976499	-10.0540849315135	0	0.000845460259021858	-115.838316682438	0	2837017.75710535	0.002	0	0.05	0.006	-5	0.02	0.002	-30	0.01	full	rep22
5189	1	3	0.00545264335973508	-1.96886437447705	0.0432273883147381	0.00432509135664822	-12.6681074015279	0	NA	NA	NA	2837007.97660404	0.002	0	0.05	0.006	-5	0.02	0.002	-30	0.01	reduced	rep22
3679	1	3	0.000979561405852799	-73.7308599076734	0	0.00429732019432825	-9.54153704149219	0	0.00485230263836752	-1.76076709983397	0.0481236741562866	2828548.62570701	0.002	0	0.05	0.006	-5	0.02	0.002	-30	0.01	full	rep23
7618	1	3	0.00555472555997529	-2.03868984573301	0.0428268010396487	0.0042444800935014	-13.2750674043441	0	NA	NA	NA	2828536.61233089	0.002	0	0.05	0.006	-5	0.02	0.002	-30	0.01	reduced	rep23
9047	1	3	0.00452387761805035	-8.19265346365215	0	0.00121610104815135	-58.6883470673455	0.00132135149349198	0.00439512017724252	-1.55016857673313	0.0540448874198203	2837361.59412073	0.002	0	0.05	0.006	-5	0.02	0.002	-30	0.01	full	rep24
1199	1	3	0.00428932159805423	-12.9459753632845	0	0.00551108807514238	-1.99975116636142	0.0443535351980291	NA	NA	NA	2837344.03900065	0.002	0	0.05	0.006	-5	0.02	0.002	-30	0.01	reduced	rep24
2513	1	3	0.00448810354685519	-1.62104371348033	0.0520822852470236	0.00404629025546403	-7.58453682245072	0	0.00143135717328446	-41.843991911314	0	2822269.47865303	0.002	0	0.05	0.006	-5	0.02	0.002	-30	0.01	full	rep25
4136	1	3	0.0058003455402434	-2.11149690414294	0.0414365805469213	0.0039285670282376	-13.9401395166565	0	NA	NA	NA	2822253.57264859	0.002	0	0.05	0.006	-5	0.02	0.002	-30	0.01	reduced	rep25
8389	1	3	0.00623718906553338	-4.55529217758902	0.0370350644597911	0.00148284058262274	0.699000059014822	0.00332159460436911	0.00230273746547134	-26.0218306706328	0	2838727.57581637	0.002	0	0.05	0.006	-5	0.02	0.002	-30	0.01	full	rep26
8057	1	3	0.00551759145777167	-1.99634236470296	0.044024138396935	0.00434079862776101	-13.4112289493206	0	NA	NA	NA	2838711.89486567	0.002	0	0.05	0.006	-5	0.02	0.002	-30	0.01	reduced	rep26
4460	1	3	0.0026993810030794	-0.949335854858031	0.0797673631345846	0.0049008212801806	-4.70081416686944	0.00479027416193047	0.00229794567150738	-23.8943775298148	0	2835383.8560124	0.002	0	0.05	0.006	-5	0.02	0.002	-30	0.01	full	rep27
9524	1	3	0.00589420600072286	-2.16075911956129	0.0419116021847837	0.003891547756741	-14.1752798472334	0	NA	NA	NA	2835370.98023489	0.002	0	0.05	0.006	-5	0.02	0.002	-30	0.01	reduced	rep27
4638	1	3	0.00662878459537546	-3.34594659755438	0	0.00286462744837339	-21.4748188533233	0.0861339644476338	0.000391363742346342	11.2418863935681	6.91639205633465e-05	2834253.66688339	0.002	0	0.05	0.006	-5	0.02	0.002	-30	0.01	full	rep28
7166	1	3	0.0055183714366357	-1.99992697594248	0.0438325249432255	0.00421499436599998	-12.5717682386724	0	NA	NA	NA	2834231.66779737	0.002	0	0.05	0.006	-5	0.02	0.002	-30	0.01	reduced	rep28
6499	1	3	0.00537692194770305	-5.04440581849495	0	0.00216598885754339	-29.1492541964641	0.0179533262357069	0.00248172806872671	-0.561943578033635	0.0837567773944395	2836400.07098166	0.002	0	0.05	0.006	-5	0.02	0.002	-30	0.01	full	rep29
8404	1	3	0.00402591992368202	-14.6319487477058	0	0.00582428488089189	-2.1075199158878	0.0421267327846705	NA	NA	NA	2836373.98765851	0.002	0	0.05	0.006	-5	0.02	0.002	-30	0.01	reduced	rep29
3265	1	3	0.00616317860113249	-4.46268874436696	0.0376224463354733	0.0022791266887615	-23.9464578221095	0	0.00150191562805733	0.631036158574634	0	2843620.2234657	0.002	0	0.05	0.006	-5	0.02	0.002	-30	0.01	full	rep30
5710	1	3	0.00426516635893524	-13.0722868836998	0	0.00554490175323735	-1.98937491535237	0.0429408293339381	NA	NA	NA	2843607.78767703	0.002	0	0.05	0.006	-5	0.02	0.002	-30	0.01	reduced	rep30
3396	1	3	0.00624894398483629	-4.48861376577327	0.0363120252080904	0.00144610192274879	0.767492482008308	0.000790355570994796	0.00229220616970017	-25.1186733584588	0	2842090.08872766	0.002	0	0.05	0.006	-5	0.02	0.002	-30	0.01	full	rep31
6510	1	3	0.00548606596156703	-1.9651501892957	0.042902554765943	0.00434807267946427	-13.1348460097894	0	NA	NA	NA	2842074.20935531	0.002	0	0.05	0.006	-5	0.02	0.002	-30	0.01	reduced	rep31
1132	1	3	0.00450080467939452	-1.60576353162837	0.0521167016835095	0.00358712662969736	-7.35506765287005	0	0.00189877514190859	-27.7659203559189	0	2834690.33063375	0.002	0	0.05	0.006	-5	0.02	0.002	-30	0.01	full	rep32
7089	1	3	0.00416669140516328	-14.2663365419339	0	0.00568811622882062	-2.04617254231409	0.0422249280114192	NA	NA	NA	2834678.53262373	0.002	0	0.05	0.006	-5	0.02	0.002	-30	0.01	reduced	rep32
8003	1	3	0.00198424980029967	0.207293519083826	0.0278645408638756	0.00620578259365358	-5.281088599023	0.0285588243469407	0.00186982012719967	-33.7686691102494	0	2839070.10843891	0.002	0	0.05	0.006	-5	0.02	0.002	-30	0.01	full	rep33
7301	1	3	0.00443075025072567	-12.8093752790501	0	0.00538530108748888	-1.9168708689098	0.0443656451957379	NA	NA	NA	2839047.43599972	0.002	0	0.05	0.006	-5	0.02	0.002	-30	0.01	reduced	rep33
8313	1	3	0.00289836116864562	-0.860215084989225	0.0659649618758862	0.005045035302195	-5.35166330498998	0.00299871935126737	0.00203052262286651	-29.5465856401306	0.0212925970360465	2832926.56336678	0.002	0	0.05	0.006	-5	0.02	0.002	-30	0.01	full	rep34
5919	1	3	0.00385390004001665	-14.6730274583333	0	0.00594657749222066	-2.17873234644538	0.0410131981786816	NA	NA	NA	2832903.1839658	0.002	0	0.05	0.006	-5	0.02	0.002	-30	0.01	reduced	rep34
4197	1	3	0.00374503609087342	-1.24372785975628	0.0585127137669573	0.00169293889957886	-28.4041604415784	0.00959537771094312	0.00449623001149914	-6.63096583384256	0	2836906.31708094	0.002	0	0.05	0.006	-5	0.02	0.002	-30	0.01	full	rep35
4575	1	3	0.00436425904228571	-12.6385936984096	0	0.00541694987187359	-1.9445259664828	0.0436646038334114	NA	NA	NA	2836894.06099753	0.002	0	0.05	0.006	-5	0.02	0.002	-30	0.01	reduced	rep35
9648	1	3	0.00550283299213493	-6.5734295262528	0.035537855822639	0.00295363336963138	-0.531181216790969	0.0131780172296995	0.00153709109478954	-34.2836321080837	0	2831027.83623659	0.002	0	0.05	0.006	-5	0.02	0.002	-30	0.01	full	rep36
8308	1	3	0.00435564617132091	-13.2186103787868	0	0.00545169832298203	-1.94750756343777	0.0425204744202056	NA	NA	NA	2831017.75149155	0.002	0	0.05	0.006	-5	0.02	0.002	-30	0.01	reduced	rep36
4942	1	3	0.00426069244120802	-6.71348600283972	0	0.00400821439787185	-1.40167291306646	0.0576863021719398	0.00182625823032995	-36.1076393661166	0	2838786.91732578	0.002	0	0.05	0.006	-5	0.02	0.002	-30	0.01	full	rep37
1768	1	3	0.00577979894720619	-2.08360386218287	0.0414556443182338	0.00408696617926899	-14.5740796258989	0	NA	NA	NA	2838766.43644668	0.002	0	0.05	0.006	-5	0.02	0.002	-30	0.01	reduced	rep37
8316	1	3	0.00139753434742464	0.815196080992256	0.00550554839708496	0.00212153907689207	-39.5426335495682	0	0.00663867972935542	-4.60410308910218	0.0333635057320663	2827331.19802136	0.002	0	0.05	0.006	-5	0.02	0.002	-30	0.01	full	rep38
304	1	3	0.00392760757911421	-15.2974914341518	0	0.00592193588890819	-2.16770921371291	0.0404436290957112	NA	NA	NA	2827316.48076296	0.002	0	0.05	0.006	-5	0.02	0.002	-30	0.01	reduced	rep38
8316	1	3	0.0026332611145824	-0.309654498287465	0.00371110876223579	0.00165554754005745	-40.0777389289835	0.0115411886488693	0.00580884856290009	-6.09822975644339	0.0383906296263297	2838135.71261179	0.002	0	0.05	0.006	-5	0.02	0.002	-30	0.01	full	rep39
2820	1	3	0.00404396497485334	-14.3866823292433	0	0.00580302548843235	-2.10985467271128	0.0418898897769909	NA	NA	NA	2838121.78595342	0.002	0	0.05	0.006	-5	0.02	0.002	-30	0.01	reduced	rep39
4387	1	3	0.00169770887050653	-33.7265248864877	0	0.00235315458306233	-0.204133078087032	0.0221800525022831	0.00594674593475486	-5.60793413909232	0.0314755200521104	2837217.14313982	0.002	0	0.05	0.006	-5	0.02	0.002	-30	0.01	full	rep40
5954	1	3	0.00554051917255824	-2.01326690251483	0.0437303650917384	0.00424224335571213	-12.9027743891088	0	NA	NA	NA	2837200.46651407	0.002	0	0.05	0.006	-5	0.02	0.002	-30	0.01	reduced	rep40
7553	1	3	0.00189691334695496	-27.8904630428743	0	0.00334239173640623	-1.10201804341107	0.0686990107336975	0.00468784971234659	-5.86017474000826	0	2831436.43806543	0.002	0	0.05	0.006	-5	0.02	0.002	-30	0.01	full	rep41
4771	1	3	0.00547361295753546	-1.96647053834466	0.0434655387901602	0.00429122065327515	-12.8665598222537	0	NA	NA	NA	2831420.3991643	0.002	0	0.05	0.006	-5	0.02	0.002	-30	0.01	reduced	rep41
2883	1	3	0.00344781167927365	-1.16257772515068	0.0677153223733033	0.00495955691272947	-6.25762932516306	0	0.00158250996907583	-37.1825383866566	0	2832586.0639102	0.002	0	0.05	0.006	-5	0.02	0.002	-30	0.01	full	rep42
4715	1	3	0.0042475841210842	-12.5782984939357	0	0.00549659707725502	-2.00334403635416	0.0440576418873518	NA	NA	NA	2832562.47263805	0.002	0	0.05	0.006	-5	0.02	0.002	-30	0.01	reduced	rep42
2481	1	3	0.00166060813491962	-39.9418279361656	2.69224314730643e-07	0.0049309430316654	-6.17213515886026	8.9852884748165e-08	0.00343377344488683	-1.15021395956317	0.0675290956242511	2828346.87183471	0.002	0	0.05	0.006	-5	0.02	0.002	-30	0.01	full	rep43
9039	1	3	0.00412101821151773	-13.2517254158234	0	0.00562735236612098	-2.04359739679608	0.0428964202370805	NA	NA	NA	2828319.21996296	0.002	0	0.05	0.006	-5	0.02	0.002	-30	0.01	reduced	rep43
3074	1	3	0.00101312713422339	-90.0931168332397	0	0.00517655841187747	-1.88158327820235	0.0457710628211918	0.00399844559836715	-10.0036107935403	0	2834942.49724543	0.002	0	0.05	0.006	-5	0.02	0.002	-30	0.01	full	rep44
1632	1	3	0.00397867018183691	-13.922539118088	0	0.00580613324433482	-2.11961870920817	0.0414993025496985	NA	NA	NA	2834928.75887692	0.002	0	0.05	0.006	-5	0.02	0.002	-30	0.01	reduced	rep44
8921	1	3	0.00659107203967181	-4.7960274650722	0.0358165461053041	0.0015353773500588	0.667161589824387	0	0.00189717499425196	-34.0527393728755	0	2836995.0329882	0.002	0	0.05	0.006	-5	0.02	0.002	-30	0.01	full	rep45
8381	1	3	0.00407418851126274	-13.3999167098315	0	0.00570851197565924	-2.09087413648869	0.0427078518504571	NA	NA	NA	2836970.72682516	0.002	0	0.05	0.006	-5	0.02	0.002	-30	0.01	reduced	rep45
2781	1	3	0.00216848097087405	0.12853056547834	1.447086148465e-08	0.00641423389080632	-5.75817586331191	0.0367046144064834	0.00160291377521902	-53.1219599535551	6.07905627807437e-07	2839419.12542222	0.002	0	0.05	0.006	-5	0.02	0.002	-30	0.01	full	rep46
8381	1	3	0.00419606325865665	-13.0946620811578	0	0.00558754427401001	-2.01733352531404	0.0426477158309604	NA	NA	NA	2839388.85657382	0.002	0	0.05	0.006	-5	0.02	0.002	-30	0.01	reduced	rep46
2139	1	3	0.00657343297347371	-4.42539471265972	0	0.00214116092081416	-31.7390930617044	0.0340803722562809	0.00133146452841484	0.830963278058805	0.133682165864396	2837177.23119138	0.002	0	0.05	0.006	-5	0.02	0.002	-30	0.01	full	rep47
2408	1	3	0.00410460373643044	-13.6441917532281	0	0.00569534056145441	-2.06413810287413	0.0421680753605182	NA	NA	NA	2837149.75435919	0.002	0	0.05	0.006	-5	0.02	0.002	-30	0.01	reduced	rep47
8965	1	3	0.0017539925365708	0.505844447907399	0	0.00178877234414396	-32.8773430514442	0	0.00645675429657564	-5.17027042839283	0.0366929508968931	2832964.02306179	0.002	0	0.05	0.006	-5	0.02	0.002	-30	0.01	full	rep48
4032	1	3	0.00438282574274381	-12.4522860140594	0	0.0053875340899612	-1.95718806937751	0.0449011505139187	NA	NA	NA	2832943.56860497	0.002	0	0.05	0.006	-5	0.02	0.002	-30	0.01	reduced	rep48
5100	1	3	0.00602250698122458	-5.3531382696014	0.039477043606105	0.00187408672971407	-30.6010060143259	0	0.00208082857761866	0.128571305786137	0	2828876.83838964	0.002	0	0.05	0.006	-5	0.02	0.002	-30	0.01	full	rep49
1309	1	3	0.00425359196333793	-13.3068637217146	0	0.00553603938862432	-1.99834916333373	0.0434133414877033	NA	NA	NA	2828862.16899969	0.002	0	0.05	0.006	-5	0.02	0.002	-30	0.01	reduced	rep49
6096	1	3	0.00453570722116161	-9.29226051784529	0.000531788460341398	0.0010371966144633	-122.176997852976	0	0.00468914499971467	-1.65416054204869	0.0487937923796586	2828178.19033936	0.002	0	0.05	0.006	-5	0.02	0.002	-30	0.01	full	rep50
4177	1	3	0.00432339031175498	-12.4655047754098	0	0.00540691762480805	-1.94902594437326	0.0435195318101865	NA	NA	NA	2828163.02585237	0.002	0	0.05	0.006	-5	0.02	0.002	-30	0.01	reduced	rep50
3388	1	3	0.00446665618153826	-5.50729776026227	0	0.00217184909956103	-26.1379362933634	0	0.00334723613368363	-1.16809329714629	0.0700194253252717	2841600.38360228	0.002	0	0.05	0.006	-5	0.02	0.002	-30	0.01	full	rep51
6982	1	3	0.00411589365916962	-14.0144147945156	0	0.0057315772272745	-2.075630808088	0.0424206903539312	NA	NA	NA	2841582.91735269	0.002	0	0.05	0.006	-5	0.02	0.002	-30	0.01	reduced	rep51
410	1	3	0.00383801133989525	-1.37559249996325	0.0627268953789614	0.0019398893284316	-31.9034938786543	0	0.00428310145941568	-6.41339981773835	0	2831183.2846277	0.002	0	0.05	0.006	-5	0.02	0.002	-30	0.01	full	rep52
3660	1	3	0.00572628717431532	-2.10074551269919	0.0435313261462837	0.0041403931036045	-14.3568737676134	0	NA	NA	NA	2831161.59797087	0.002	0	0.05	0.006	-5	0.02	0.002	-30	0.01	reduced	rep52
5129	1	3	0.00620759287024176	-5.30685676948175	0.03805194061426	0.00196642209456379	0.272300953453792	0	0.0017820174357712	-32.3235379102564	0	2826045.08610804	0.002	0	0.05	0.006	-5	0.02	0.002	-30	0.01	full	rep53
7086	1	3	0.00427316965285898	-12.8714550814475	0	0.00547254825168243	-1.96935096721475	0.0438172823949793	NA	NA	NA	2826024.92595788	0.002	0	0.05	0.006	-5	0.02	0.002	-30	0.01	reduced	rep53
5643	1	3	0.00233005312264864	-0.116524612660859	0.000134569551791943	0.0059604515299488	-5.59593310926132	0.0402388096436068	0.00172510614845729	-34.0589358142368	0	2842587.54514173	0.002	0	0.05	0.006	-5	0.02	0.002	-30	0.01	full	rep54
9424	1	3	0.00574357649547447	-2.08016637025584	0.041992098911725	0.00407229274848404	-13.7595140619719	0	NA	NA	NA	2842579.32748738	0.002	0	0.05	0.006	-5	0.02	0.002	-30	0.01	reduced	rep54
5265	1	3	0.00218397802738395	-27.4803747647911	0.0229584845158659	0.00590833832846443	-4.74722934494415	0.0102134354309683	0.00189851145298886	0.0575397892843472	0.07106113523541	2837590.82045497	0.002	0	0.05	0.006	-5	0.02	0.002	-30	0.01	full	rep55
9249	1	3	0.00569110376229456	-2.05514606367567	0.0420434475930461	0.00412578094016971	-13.7997884511565	0	NA	NA	NA	2837574.77857097	0.002	0	0.05	0.006	-5	0.02	0.002	-30	0.01	reduced	rep55
9600	1	3	0.00198092831748481	-34.8421971080157	0	0.0063082458294613	-5.02071300268093	0.0366757855611649	0.00181940916408736	0.331555697143602	0.00282294064999002	2844063.0711811	0.002	0	0.05	0.006	-5	0.02	0.002	-30	0.01	full	rep56
1478	1	3	0.00577870516633962	-2.09933466704872	0.0420066075953777	0.00408336859553347	-14.2005634168479	0	NA	NA	NA	2844040.05977074	0.002	0	0.05	0.006	-5	0.02	0.002	-30	0.01	reduced	rep56
9150	1	3	0.00609740815509741	-4.45405329226131	0	0.00171778721649975	-0.0455725875148091	0.132572413208978	0.0022096264465222	-27.9776144437432	0	2845419.16273203	0.002	0	0.05	0.006	-5	0.02	0.002	-30	0.01	full	rep57
1062	1	3	0.00551177287457264	-1.98852909069261	0.0435632770084723	0.00431086579449018	-12.9363997893241	0	NA	NA	NA	2845394.29218749	0.002	0	0.05	0.006	-5	0.02	0.002	-30	0.01	reduced	rep57
6434	1	3	0.00654052997985973	-4.43514119499671	0	0.00223312587050454	-32.6726699249513	0.0295064974377924	0.00134393622345661	0.841230846479239	0.138101765080237	2839924.98590624	0.002	0	0.05	0.006	-5	0.02	0.002	-30	0.01	full	rep58
2467	1	3	0.00416614484260905	-14.0903786650268	0	0.00569101839740883	-2.04739463101898	0.0428374303645547	NA	NA	NA	2839894.10129766	0.002	0	0.05	0.006	-5	0.02	0.002	-30	0.01	reduced	rep58
589	1	3	0.00241989832691971	-0.040214248117376	0.00118077133652086	0.00146137811713708	-53.9236173011561	0.00828628867784333	0.00623644890079096	-6.14315366522447	0.0364968956751988	2831456.58293486	0.002	0	0.05	0.006	-5	0.02	0.002	-30	0.01	full	rep59
874	1	3	0.00551946536299543	-1.97435564654804	0.0429113526479851	0.00422979026775892	-12.9617279976973	0	NA	NA	NA	2831433.81896365	0.002	0	0.05	0.006	-5	0.02	0.002	-30	0.01	reduced	rep59
6303	1	3	0.00236544570359409	-23.5245873045461	0	0.00585248221471539	-4.36735775793513	0.0277390645565996	0.00171602085092552	0.0497422567176886	0.043328049302754	2839605.76808629	0.002	0	0.05	0.006	-5	0.02	0.002	-30	0.01	full	rep60
6344	1	3	0.00577274789831127	-2.10827409531278	0.0421337030032432	0.00404258949051454	-13.8540234618495	0	NA	NA	NA	2839594.65540374	0.002	0	0.05	0.006	-5	0.02	0.002	-30	0.01	reduced	rep60
6378	1	3	0.00458686185261838	-6.123438895702	0.001349838886329	0.00181058059156599	-32.0001132523293	0	0.00359564075934866	-1.26582323072788	0.0646946463839034	2833795.8641242	0.002	0	0.05	0.006	-5	0.02	0.002	-30	0.01	full	rep61
247	1	3	0.00408900715573058	-13.671454794079	0	0.0057117008285377	-2.0910076253332	0.0432790325620546	NA	NA	NA	2833779.16946525	0.002	0	0.05	0.006	-5	0.02	0.002	-30	0.01	reduced	rep61
3415	1	3	0.00410528364930162	-1.32882473906641	0.0358134756655285	0.00172284796435266	-29.5676341697181	0	0.00419898685982173	-7.46563470066712	0.0218873746617799	2841639.10062327	0.002	0	0.05	0.006	-5	0.02	0.002	-30	0.01	full	rep62
2982	1	3	0.00571411305657414	-2.055173792356	0.0416613152165942	0.00418173866134007	-14.4709707299676	0	NA	NA	NA	2841631.74143713	0.002	0	0.05	0.006	-5	0.02	0.002	-30	0.01	reduced	rep62
5884	1	3	0.00113939480443401	-48.6424974266436	0	0.00461175220101955	-1.66334080176197	0.0514904601935324	0.0043478878542718	-8.65412760281384	0	2845376.85049072	0.002	0	0.05	0.006	-5	0.02	0.002	-30	0.01	full	rep63
7997	1	3	0.00554087002987242	-2.02966221552827	0.0438148284167277	0.00431967672350722	-13.1416811759808	0	NA	NA	NA	2845366.47147577	0.002	0	0.05	0.006	-5	0.02	0.002	-30	0.01	reduced	rep63
5002	1	3	0.00660027211458045	-3.84310440114584	0.0318804921725501	0.00253022229751681	-24.5202281019885	0.00945281827480992	0.000863471092056793	1.88289887587289	0	2843741.73624008	0.002	0	0.05	0.006	-5	0.02	0.002	-30	0.01	full	rep64
6163	1	3	0.00411769476628231	-14.0053743083705	0	0.00572742691703056	-2.05967209476495	0.0418935253672049	NA	NA	NA	2843723.386265	0.002	0	0.05	0.006	-5	0.02	0.002	-30	0.01	reduced	rep64
539	1	3	0.00399434854566888	-1.41409637498897	0.0576670012279352	0.00181787253060157	-34.333742523553	0	0.00425761440029862	-6.68261954725901	0	2838491.00248055	0.002	0	0.05	0.006	-5	0.02	0.002	-30	0.01	full	rep65
5345	1	3	0.00411007917236264	-14.3143496190675	0	0.00575011096206738	-2.08671357619716	0.0414508878388363	NA	NA	NA	2838472.20570317	0.002	0	0.05	0.006	-5	0.02	0.002	-30	0.01	reduced	rep65
7628	1	3	0.00269735228091453	-0.486752137555561	0.0285534331192413	0.00179177301384892	-27.145303785768	0	0.00544604333249266	-5.82952340602415	0.0297245530028944	2837169.45901963	0.002	0	0.05	0.006	-5	0.02	0.002	-30	0.01	full	rep66
4280	1	3	0.0043635956705174	-12.7046251035093	0	0.00542867173855676	-1.95497816591211	0.0442663637371107	NA	NA	NA	2837157.62102376	0.002	0	0.05	0.006	-5	0.02	0.002	-30	0.01	reduced	rep66
2280	1	3	0.00513503958855379	-6.47390011160478	0.0286526593378357	0.00162022906525839	-30.3555964234351	0	0.00319575630712961	-0.778095887615319	0.0306913021865029	2836229.44252806	0.002	0	0.05	0.006	-5	0.02	0.002	-30	0.01	full	rep67
2011	1	3	0.00427864805479248	-13.184897491759	0	0.00551994368674296	-1.96921149883181	0.0443612600315553	NA	NA	NA	2836220.33664816	0.002	0	0.05	0.006	-5	0.02	0.002	-30	0.01	reduced	rep67
384	1	3	0.00657492738681901	-4.3044664708148	0.034306480026275	0.00120876296311494	1.15987512778296	0	0.00220515266196519	-28.7383500481651	0	2835459.36024365	0.002	0	0.05	0.006	-5	0.02	0.002	-30	0.01	full	rep68
8326	1	3	0.0056551593378992	-2.02784791664836	0.0417203327662012	0.00413638452272108	-13.6331782191774	0	NA	NA	NA	2835434.17764003	0.002	0	0.05	0.006	-5	0.02	0.002	-30	0.01	reduced	rep68
5046	1	3	0.00130609414331561	-64.7073440894564	0	0.00491757179954252	-7.63455768566928	0	0.00398549395219985	-1.34220392831171	0.0562167541006679	2840237.27959342	0.002	0	0.05	0.006	-5	0.02	0.002	-30	0.01	full	rep69
1380	1	3	0.00530960693397153	-1.90469680954851	0.0435093914482024	0.00448157718248907	-12.3009631955773	0	NA	NA	NA	2840211.05417656	0.002	0	0.05	0.006	-5	0.02	0.002	-30	0.01	reduced	rep69
9997	1	3	0.00299113953368326	-20.4286740043951	0.0368497940303872	0.000505873344696689	4.28365850010573	0.258996763629896	0.00643256536274524	-3.34161783041905	0.00147282901071611	2834446.49234525	0.002	0	0.05	0.006	-5	0.02	0.002	-30	0.01	full	rep70
5057	1	3	0.00564422528671684	-2.02664693236751	0.042824999038758	0.00416745143924957	-13.7545559843356	0	NA	NA	NA	2834435.81358445	0.002	0	0.05	0.006	-5	0.02	0.002	-30	0.01	reduced	rep70
2111	1	3	0.00466353140457191	-6.23264067845047	0	0.00357853916604076	-1.20958851627251	0.0649405225536244	0.00174104883179371	-34.305080962231	0	2828914.61583571	0.002	0	0.05	0.006	-5	0.02	0.002	-30	0.01	full	rep71
5091	1	3	0.0041593161596685	-13.3585315280637	0	0.00560418485863424	-2.01995831292222	0.0430316119993907	NA	NA	NA	2828894.23716416	0.002	0	0.05	0.006	-5	0.02	0.002	-30	0.01	reduced	rep71
9526	1	3	0.0048293721131139	-5.03836197630136	0	0.00279999966568786	-0.860527409225147	0.0840579617478486	0.00237006626770569	-24.7310272304857	0	2838086.29996874	0.002	0	0.05	0.006	-5	0.02	0.002	-30	0.01	full	rep72
4622	1	3	0.00429964023605549	-13.7040875524787	0	0.00556089741059546	-1.99446973426204	0.0440551310593063	NA	NA	NA	2838071.07881	0.002	0	0.05	0.006	-5	0.02	0.002	-30	0.01	reduced	rep72
4255	1	3	0.00540403820937166	-5.85736859753226	0	0.00165055003187435	-36.3179941686052	0	0.00294951365409276	-0.847601753313058	0.0781183660431274	2833940.63712003	0.002	0	0.05	0.006	-5	0.02	0.002	-30	0.01	full	rep73
7241	1	3	0.00444678597125554	-12.1008389859037	0	0.00530096593166937	-1.90527318749031	0.0453183097919017	NA	NA	NA	2833915.59301044	0.002	0	0.05	0.006	-5	0.02	0.002	-30	0.01	reduced	rep73
5414	1	3	0.00661658901948402	-3.12704528702119	0	0.00282517876247958	-20.0895758797165	0	0.000400856733870293	2.37863244347037	0.581416664007303	2827883.5873723	0.002	0	0.05	0.006	-5	0.02	0.002	-30	0.01	full	rep74
4237	1	3	0.00382546235226756	-14.2665298639118	0	0.00593290746390725	-2.19463572374055	0.0409612477065176	NA	NA	NA	2827873.78061776	0.002	0	0.05	0.006	-5	0.02	0.002	-30	0.01	reduced	rep74
2199	1	3	0.00594495613166388	-5.85352142973769	0.0408815668219306	0.00176342471849328	-34.1499958191775	0	0.00237989767261709	-0.0409860194611224	0	2846616.44495477	0.002	0	0.05	0.006	-5	0.02	0.002	-30	0.01	full	rep75
2457	1	3	0.00434590133325191	-13.535045138352	0	0.00553138902804722	-1.96787313856763	0.0439867467059928	NA	NA	NA	2846601.95631578	0.002	0	0.05	0.006	-5	0.02	0.002	-30	0.01	reduced	rep75
9556	1	3	0.00306559831868534	-0.857142292042143	0.0450693809564125	0.00189549424158044	-32.7357873082393	0	0.00510527075644428	-5.88687357859318	0.0196230216289472	2840984.27289803	0.002	0	0.05	0.006	-5	0.02	0.002	-30	0.01	full	rep76
879	1	3	0.00408649808931804	-14.3575262765	0	0.00578241242827694	-2.10543129938833	0.042103608991397	NA	NA	NA	2840966.39498742	0.002	0	0.05	0.006	-5	0.02	0.002	-30	0.01	reduced	rep76
1833	1	3	0.00442809572279113	-6.90715630001065	0	0.00387937949268325	-1.27751786429606	0.0572096559328949	0.001694023780535	-32.3766940484686	0	2834546.04280498	0.002	0	0.05	0.006	-5	0.02	0.002	-30	0.01	full	rep77
3745	1	3	0.00440587547115837	-13.1134815609698	0	0.00540501622885828	-1.90564043853937	0.0423929180589837	NA	NA	NA	2834530.7564551	0.002	0	0.05	0.006	-5	0.02	0.002	-30	0.01	reduced	rep77
9838	1	3	0.00637023878786162	-4.86709768519611	0.0369387356980115	0.00200328598699092	-33.9923674232732	0	0.00168224958065107	0.485463109894886	0	2833626.92516974	0.002	0	0.05	0.006	-5	0.02	0.002	-30	0.01	full	rep78
8562	1	3	0.0057740336347465	-2.09783080755343	0.0419812145716196	0.00404454270096678	-14.2068498532542	0	NA	NA	NA	2833602.29062255	0.002	0	0.05	0.006	-5	0.02	0.002	-30	0.01	reduced	rep78
2375	1	3	0.0062688286343582	-5.87105402927586	0.0360535102745066	0.00162872300589786	-48.3169044575432	0	0.00229837323591667	0.0279707708978179	0.00493864589367393	2849502.14160059	0.002	0	0.05	0.006	-5	0.02	0.002	-30	0.01	full	rep79
3991	1	3	0.0055445985809856	-1.976183058501	0.0432168268014575	0.00429033798398228	-13.1495264366591	0	NA	NA	NA	2849475.33055056	0.002	0	0.05	0.006	-5	0.02	0.002	-30	0.01	reduced	rep79
9195	1	3	0.00300945220456641	-1.01609234215173	0.0766477023420689	0.0050146403632023	-5.40032051900098	0	0.00205073211735054	-31.7554993805919	0	2842047.99159528	0.002	0	0.05	0.006	-5	0.02	0.002	-30	0.01	full	rep80
6289	1	3	0.0040546682831258	-14.3318713010758	0	0.00581351848601359	-2.13404757387837	0.041507290001955	NA	NA	NA	2842025.08757648	0.002	0	0.05	0.006	-5	0.02	0.002	-30	0.01	reduced	rep80
619	1	3	0.00483449359915334	-6.26609000880739	0	0.00349012984786251	-1.18595893501434	0.0664393073285968	0.00164306202679669	-35.0407202325428	0	2825965.56842452	0.002	0	0.05	0.006	-5	0.02	0.002	-30	0.01	full	rep81
8974	1	3	0.00550422653685445	-2.0073003090405	0.0436887937115553	0.00423906403943533	-12.8117716465552	0	NA	NA	NA	2825945.93808874	0.002	0	0.05	0.006	-5	0.02	0.002	-30	0.01	reduced	rep81
7849	1	3	0.00243446774941422	-0.138477665111242	0	0.00143670937462711	-41.6983392524193	0	0.00614448551620786	-6.10167393448638	0.0384612949298811	2830263.46431983	0.002	0	0.05	0.006	-5	0.02	0.002	-30	0.01	full	rep82
8516	1	3	0.00428469223835653	-12.6750968541712	0	0.00547254374981834	-1.99937380759425	0.0429749241948845	NA	NA	NA	2830246.98504239	0.002	0	0.05	0.006	-5	0.02	0.002	-30	0.01	reduced	rep82
4781	1	3	0.00180786760057782	-35.6195811734699	0	0.00458690512222189	-6.30863452391581	0	0.00367497516252272	-1.26224234454343	0.0650219486991661	2838837.7221457	0.002	0	0.05	0.006	-5	0.02	0.002	-30	0.01	full	rep83
5125	1	3	0.00412551935224949	-13.968925367379	0	0.00571204791156042	-2.06413746121259	0.0434432009831951	NA	NA	NA	2838816.23419176	0.002	0	0.05	0.006	-5	0.02	0.002	-30	0.01	reduced	rep83
2450	1	3	0.00504667498226146	-5.9825923369956	0	0.00179300067611758	-32.3792259255896	0	0.00318760020675832	-1.00093839905449	0.0711107141653405	2837973.23714589	0.002	0	0.05	0.006	-5	0.02	0.002	-30	0.01	full	rep84
7966	1	3	0.00538551758530482	-1.94376691498112	0.0437749321883435	0.00442495021353107	-12.6708346262845	0	NA	NA	NA	2837951.84850638	0.002	0	0.05	0.006	-5	0.02	0.002	-30	0.01	reduced	rep84
786	1	3	0.00187568260256457	-28.8281139888272	0	0.00615763998209495	-5.16850674311165	0.0389657530664859	0.00193726657400282	0.243059638873485	0	2841420.46336538	0.002	0	0.05	0.006	-5	0.02	0.002	-30	0.01	full	rep85
1487	1	3	0.00552124543903297	-1.99689440657738	0.0440471171690779	0.00427494059300931	-12.850021763213	0	NA	NA	NA	2841407.68304319	0.002	0	0.05	0.006	-5	0.02	0.002	-30	0.01	reduced	rep85
9685	1	3	0.00404524215664982	-6.84014067676926	0	0.00422165821297289	-1.56979473392154	0.0553919746077271	0.00184372547598664	-35.5294198322841	0	2838388.51257792	0.002	0	0.05	0.006	-5	0.02	0.002	-30	0.01	full	rep86
6603	1	3	0.0059375161180151	-2.19924758937279	0.0407478693406206	0.00396284159908586	-15.1632921136088	0	NA	NA	NA	2838371.67595622	0.002	0	0.05	0.006	-5	0.02	0.002	-30	0.01	reduced	rep86
9830	1	3	0.00453483806475405	-8.552348835132	1.58054421037779e-07	0.00448748148008042	-1.55229003381402	0.0516843701688737	0.00112278259088606	-63.6722951864316	1.83428277755748e-07	2843941.14765692	0.002	0	0.05	0.006	-5	0.02	0.002	-30	0.01	full	rep87
2391	1	3	0.005425797300784	-1.93387748502795	0.0437291875938623	0.00437725788959012	-12.6849666886571	0	NA	NA	NA	2843923.88777961	0.002	0	0.05	0.006	-5	0.02	0.002	-30	0.01	reduced	rep87
1416	1	3	0.00471757931550619	-6.41836569027302	0	0.00175719157608718	-39.8613052098178	0	0.00367531647814901	-1.26550025894036	0.0634313136235403	2847830.57950237	0.002	0	0.05	0.006	-5	0.02	0.002	-30	0.01	full	rep88
2740	1	3	0.00413922948861077	-13.9697169664606	0	0.00573298783902463	-2.08190937676036	0.0423085430885796	NA	NA	NA	2847804.22224655	0.002	0	0.05	0.006	-5	0.02	0.002	-30	0.01	reduced	rep88
5486	1	3	0.00236748641620238	-0.369368825612342	0.0786699164292253	0.00214230037583091	-26.3443806147567	0.0274978690800181	0.00546508504779229	-5.0735564938409	0	2841849.01511701	0.002	0	0.05	0.006	-5	0.02	0.002	-30	0.01	full	rep89
9590	1	3	0.00422340468159006	-13.4263925062536	0	0.00559490778131394	-1.99990183056655	0.0424288327151581	NA	NA	NA	2841836.57040294	0.002	0	0.05	0.006	-5	0.02	0.002	-30	0.01	reduced	rep89
130	1	3	0.00198384441555985	-30.0972704798594	0	0.00336871259396076	-1.14162039131536	0.0685845829370198	0.00465842664881513	-5.77248728887779	0	2837997.69763631	0.002	0	0.05	0.006	-5	0.02	0.002	-30	0.01	full	rep90
2816	1	3	0.00414322941071627	-13.8345965036229	0	0.00568405209463019	-2.05393285429305	0.0422578111933999	NA	NA	NA	2837979.59587435	0.002	0	0.05	0.006	-5	0.02	0.002	-30	0.01	reduced	rep90
578	1	3	0.00609952787801926	-5.474438149455	0.0394146414717869	0.0021612170558117	0.0309177827359989	0	0.00188131378023367	-37.2989795927285	0	2842099.22360584	0.002	0	0.05	0.006	-5	0.02	0.002	-30	0.01	full	rep91
6352	1	3	0.00578045467485264	-2.1095876180194	0.0421301807814604	0.0041028851779969	-14.4027763938814	0	NA	NA	NA	2842074.24473859	0.002	0	0.05	0.006	-5	0.02	0.002	-30	0.01	reduced	rep91
119	1	3	0.00424650872604735	-9.30359381469697	0	0.00102253124249831	-67.9884413106888	0	0.00481624118099583	-1.68265797005434	0.0482201656533362	2831803.36183862	0.002	0	0.05	0.006	-5	0.02	0.002	-30	0.01	full	rep92
5368	1	3	0.00423554887963867	-13.1014243265215	0	0.00552205775502016	-1.96172708291016	0.0428012068519268	NA	NA	NA	2831789.9613328	0.002	0	0.05	0.006	-5	0.02	0.002	-30	0.01	reduced	rep92
2032	1	3	0.00164147371553719	0.459416690015216	0.00440114530632171	0.00212399484081439	-29.8075376548945	0	0.00624486713350097	-4.66783674515862	0.0361486344978392	2836820.15357418	0.002	0	0.05	0.006	-5	0.02	0.002	-30	0.01	full	rep93
5822	1	3	0.00577752499272471	-2.08658491046337	0.0415426899450294	0.00404119305474224	-14.1876721614545	0	NA	NA	NA	2836801.81622151	0.002	0	0.05	0.006	-5	0.02	0.002	-30	0.01	reduced	rep93
8093	1	3	0.0047232868387811	-1.66306819872518	0.047141454511068	0.00154691938191614	-180.967874554718	0.0203723491094696	0.00449303308184823	-9.22118488589975	0	2840235.72867622	0.002	0	0.05	0.006	-5	0.02	0.002	-30	0.01	full	rep94
25	1	3	0.00410696422985972	-13.6823329441688	0	0.00570593227993224	-2.07129161576329	0.0412472912005757	NA	NA	NA	2840210.87094693	0.002	0	0.05	0.006	-5	0.02	0.002	-30	0.01	reduced	rep94
8093	1	3	0.00519221918370646	-1.88196974161352	0.0460053793188371	0.000990583624775213	-126.028957864113	0	0.00414298670717599	-10.5425950579236	0	2838336.35089291	0.002	0	0.05	0.006	-5	0.02	0.002	-30	0.01	full	rep95
9680	1	3	0.00409455533210324	-13.9079455312354	0	0.00573597284042648	-2.09336704286327	0.0423071764880379	NA	NA	NA	2838324.45413094	0.002	0	0.05	0.006	-5	0.02	0.002	-30	0.01	reduced	rep95
8814	1	3	0.00522407943007442	-5.81029950455833	0	0.00310485646856644	-0.968271187950265	0.0752974036647213	0.0016589458035261	-37.5155355587044	0	2833894.92512	0.002	0	0.05	0.006	-5	0.02	0.002	-30	0.01	full	rep96
1751	1	3	0.00553846985751482	-1.99550170696484	0.0440213448760495	0.00418747462531835	-12.6535937830858	0	NA	NA	NA	2833869.25954865	0.002	0	0.05	0.006	-5	0.02	0.002	-30	0.01	reduced	rep96
6008	1	3	0.00350169546803496	-11.6325951634864	0	0.000786958001946569	-25.0744956406487	0	0.00555059840207297	-2.02851357402098	0.0430645228849058	2837019.08962428	0.002	0	0.05	0.006	-5	0.02	0.002	-30	0.01	full	rep97
1358	1	3	0.00572361946642914	-2.09159413092361	0.0419446744633251	0.00408087449730275	-13.6813786465846	0	NA	NA	NA	2837014.90113242	0.002	0	0.05	0.006	-5	0.02	0.002	-30	0.01	reduced	rep97
6100	1	3	0.00106336374361373	1.92885339547661	0.00192520088333738	0.00229253718364452	-29.3238590097121	0.0395127758978481	0.00667707761487465	-4.31881302963703	0.0243833496019983	2831189.66035818	0.002	0	0.05	0.006	-5	0.02	0.002	-30	0.01	full	rep98
1715	1	3	0.00560897441185401	-2.00787661288335	0.0428285570725746	0.00420029314668677	-13.7636505400885	0	NA	NA	NA	2831164.41747982	0.002	0	0.05	0.006	-5	0.02	0.002	-30	0.01	reduced	rep98
6916	1	3	0.00519961899409354	-4.95775903082826	0.0150948015014555	0.00224867490714754	-23.8108000698149	0	0.00248364331147219	-0.557745349860896	0.0603815813174727	2841263.51711122	0.002	0	0.05	0.006	-5	0.02	0.002	-30	0.01	full	rep99
7634	1	3	0.00555394361741065	-1.98720364422367	0.0423316365021201	0.00425163069183755	-13.1946162014945	0	NA	NA	NA	2841250.14409918	0.002	0	0.05	0.006	-5	0.02	0.002	-30	0.01	reduced	rep99
3132	1	3	0.00317825564125878	-1.00770163196064	0.0718621307494628	0.00183269642695442	-32.1674279120278	0	0.00495067809077515	-5.7702296246158	0.00138586043277283	2827437.73856053	0.002	0	0.05	0.006	-5	0.02	0.002	-30	0.01	full	rep100
5929	1	3	0.00556902240380262	-2.00426307580568	0.0438992046964493	0.00418526630386236	-13.2143057468433	0	NA	NA	NA	2827415.73724624	0.002	0	0.05	0.006	-5	0.02	0.002	-30	0.01	reduced	rep100
