run	imp	exit_code	theta_1	gamma_1	e_1	theta_2	gamma_2	e_2	theta_3	gamma_3	e_3	lnL	sim_theta_1	sim_gamma_1	sim_e_1	sim_theta_2	sim_gamma_2	sim_e_2	sim_theta_3	sim_gamma_3	sim_e_3	model	rep
2798	1	3	0.00275870005707158	-26.8602394113814	0.0786560782944557	0.000375997468189522	10	0	0.00691527878692583	-3.48718049525786	0.00594563737022941	459453.207924125	0.002	0	0.05	0.006	-5	0.02	0.002	-30	0.01	full	rep1
1313	1	3	0.000240608151474349	5000	0	0.00318317699644554	-19.4964075712747	0	0.0062726212768496	-2.88316093588948	0	459449.051164107	0.002	0	0.05	0.006	-5	0.02	0.002	-30	0.01	reduced	rep1
4689	1	3	0.00437742047930432	-4.84102119172468	0	0.00271461638801055	-24.5671666850541	0.0146897486589233	0.00296085720266468	-1.02402701675963	0.0680375240719868	459413.723535667	0.002	0	0.05	0.006	-5	0.02	0.002	-30	0.01	full	rep2
1432	1	3	0.00347136664121257	-19.3295159292262	0	0.000237899229440397	1776.45786788165	0	0.00605016996753602	-2.72814494944513	0	459412.076691643	0.002	0	0.05	0.006	-5	0.02	0.002	-30	0.01	reduced	rep2
526	1	3	0.00333139199197671	-16.3859253668205	0.0718438679848605	0.000419514190017926	7.81914310497024	0	0.00614276399498133	-3.17765791844998	0	464777.666628228	0.002	0	0.05	0.006	-5	0.02	0.002	-30	0.01	full	rep3
287	1	3	0.000231104076302075	3842.6849743743	0	0.00399617933855734	-13.2256213017084	0	0.0053875665785187	-2.41346074933352	0	464776.449014352	0.002	0	0.05	0.006	-5	0.02	0.002	-30	0.01	reduced	rep3
3147	1	3	0.00679735665831166	-5.42273529748073	0.0339945215560831	0.00170404110342663	-47.3866893186288	0	0.0016402084956434	0.934027651348406	0	458173.202691869	0.002	0	0.05	0.006	-5	0.02	0.002	-30	0.01	full	rep4
1265	1	3	0.00024485829474228	1900.60636833816	0	0.0052861065487621	-2.39947497982337	0	0.00402513424445019	-14.0164978843059	0	458165.969937595	0.002	0	0.05	0.006	-5	0.02	0.002	-30	0.01	reduced	rep4
4915	1	3	0.000275117433619293	10	0.000492987385015278	0.00683095856355341	-3.16499162320158	0.0164779712621802	0.00283805818122021	-25.7050805885445	0.05302666677599	456118.906564186	0.002	0	0.05	0.006	-5	0.02	0.002	-30	0.01	full	rep5
666	1	3	0.000251978918011731	4519.23061122908	0	0.00292132788982148	-22.5696186924893	0	0.00646690334946181	-2.95100386000933	0	456117.419449775	0.002	0	0.05	0.006	-5	0.02	0.002	-30	0.01	reduced	rep5
2840	1	3	0.00293239402035139	-23.4638846743353	0.0801633686890598	0.000400490028963488	10	0.00584328001775743	0.0067531720118141	-3.40452194025607	1.45310165090251e-05	465596.202600164	0.002	0	0.05	0.006	-5	0.02	0.002	-30	0.01	full	rep6
1359	1	3	0.00602445494413865	-2.68066393838687	0	0.000227898903666886	2221.61529880044	0	0.00350758571474907	-16.9987460519744	0	465592.962381626	0.002	0	0.05	0.006	-5	0.02	0.002	-30	0.01	reduced	rep6
3481	1	3	0.00656714199194032	-3.24835200269027	0.00762393468341394	0.00322064597731792	-23.9789419311017	0.0653326694163266	0.000346276128779254	10	0.00150157635696472	460248.493991571	0.002	0	0.05	0.006	-5	0.02	0.002	-30	0.01	full	rep7
1118	1	3	0.00348047293753693	-19.62594501131	0	0.000245877501933888	3881.33315588259	0	0.00608101414035625	-2.7945083703319	0	460245.766000967	0.002	0	0.05	0.006	-5	0.02	0.002	-30	0.01	reduced	rep7
2205	1	3	0.00438629154154304	-1.47395530853066	0.0385188950029452	0.00127481311235245	-160.36564672666	0	0.00488999406851408	-9.18335889543872	0.0163811583171184	459762.318273157	0.002	0	0.05	0.006	-5	0.02	0.002	-30	0.01	full	rep8
326	1	3	0.00368428652226675	-15.2830235877967	0	0.00566808888715725	-2.59207840428564	0	0.000244053308005854	4788.61075295903	0	459758.525101614	0.002	0	0.05	0.006	-5	0.02	0.002	-30	0.01	reduced	rep8
1729	1	3	0.00660562095086005	-2.74659350851131	0.0254494393513991	0.000151853825370992	10	0.000658635564538446	0.00313656716748058	-19.9263992842502	0.0188722118062814	461452.569025056	0.002	0	0.05	0.006	-5	0.02	0.002	-30	0.01	full	rep9
1542	1	3	0.00310741415935155	-19.4950048281798	0	0.000230795585645824	4518.54403277019	0	0.00632014647818355	-2.77714370017851	0	461452.326442008	0.002	0	0.05	0.006	-5	0.02	0.002	-30	0.01	reduced	rep9
3115	1	3	0.00558452196599747	-4.81900721446129	0	0.00221777505235811	-0.367835501175858	0.10000686843562	0.00224432532693444	-27.8581149209416	0	462611.473873907	0.002	0	0.05	0.006	-5	0.02	0.002	-30	0.01	full	rep10
1131	1	3	0.00375773306193384	-15.8755629033136	0	0.000240706472052241	1235.27316373439	0	0.00568381458672796	-2.51712327964207	0	462608.552926091	0.002	0	0.05	0.006	-5	0.02	0.002	-30	0.01	reduced	rep10
4200	1	3	0.00499308048422622	-7.50653575306945	0	0.00388967640466456	-1.25542307848851	0.0600283449944039	0.00115433708470157	-57.4157901518417	0	460283.981612721	0.002	0	0.05	0.006	-5	0.02	0.002	-30	0.01	full	rep11
878	1	3	0.000240642198127604	4875.12814725179	0	0.00525065764102353	-2.34165957639212	0	0.00400173855448583	-13.0159457772427	0	460280.817215252	0.002	0	0.05	0.006	-5	0.02	0.002	-30	0.01	reduced	rep11
3156	1	3	0.000603593021825566	4.45419940949966	0.346283179770973	0.00210921855162383	-36.6316368287225	0	0.0074208287070926	-4.04368245182582	0	463532.112295247	0.002	0	0.05	0.006	-5	0.02	0.002	-30	0.01	full	rep12
1744	1	3	0.000259837403829919	550.638277921065	0	0.00598732347695275	-2.73571814768521	0	0.0034180750919347	-16.6162742652491	0	463522.010606404	0.002	0	0.05	0.006	-5	0.02	0.002	-30	0.01	reduced	rep12
2509	1	3	0.0021632064829789	-28.4483755351541	0.0388694910251074	0.00151777394151306	0.980633015853999	0.00344628004709659	0.00635055828093697	-4.7607441972007	0.0278742079752394	461791.161052391	0.002	0	0.05	0.006	-5	0.02	0.002	-30	0.01	full	rep13
1978	1	3	0.000246637565568196	4842.71224802943	0	0.00569672911055529	-2.5369406894755	0	0.00369010065020437	-15.7692034030375	0	461788.062153716	0.002	0	0.05	0.006	-5	0.02	0.002	-30	0.01	reduced	rep13
2964	1	3	0.0050366796354335	-7.57024668017258	0	0.00392404279179314	-1.32748487479574	0.0574617490266266	0.00124660730727079	-68.4505453364996	0.0152655327086518	462013.976849038	0.002	0	0.05	0.006	-5	0.02	0.002	-30	0.01	full	rep14
719	1	3	0.00558736952561484	-2.55254082713617	0	0.00376054484303503	-14.2393642040841	0	0.000240879574035986	4661.43733507642	0	462010.204075166	0.002	0	0.05	0.006	-5	0.02	0.002	-30	0.01	reduced	rep14
431	1	3	0.000312524732831863	6.15080261719784	0.0100693405904272	0.00623095508237678	-2.96269904293761	0.024829143772008	0.00315992329190968	-16.4479170894295	0.0243746103005106	456677.235342945	0.002	0	0.05	0.006	-5	0.02	0.002	-30	0.01	full	rep15
574	1	3	0.00554068672685741	-2.51295894868287	0	0.00365325135545026	-14.0561637787482	0	0.000242623679019075	2208.45511601724	0	456676.692342209	0.002	0	0.05	0.006	-5	0.02	0.002	-30	0.01	reduced	rep15
1731	1	3	0.00649625628797749	-4.9660491430496	0.0218300276936715	0.00169111124947022	0.359932027465711	0.0539133066353941	0.00199706991547718	-39.1144697660581	0	460925.039932172	0.002	0	0.05	0.006	-5	0.02	0.002	-30	0.01	full	rep16
468	1	3	0.00595702628212431	-2.73092885429112	0	0.000244864505206736	4790.50108336195	0	0.00350452112299384	-17.4334254845471	0	460919.268458578	0.002	0	0.05	0.006	-5	0.02	0.002	-30	0.01	reduced	rep16
675	1	3	0.0026741298241141	-22.9114534346448	0.0631030722687164	0.000543214570066225	4.7607633931863	0.195474922386362	0.00677084481145647	-3.5463019860084	0	464841.64393965	0.002	0	0.05	0.006	-5	0.02	0.002	-30	0.01	full	rep17
759	1	3	0.000250939379320552	4442.63997324921	0	0.00610399510369031	-2.71484764133525	0	0.0032914933948073	-17.0650782151143	0	464838.234021853	0.002	0	0.05	0.006	-5	0.02	0.002	-30	0.01	reduced	rep17
1831	1	3	0.00485427663096129	-7.77567398678586	0	0.00379351678358704	-1.16498809011922	0.0460944056630419	0.00139529153692902	-34.6046967116284	0.0582641959259837	460081.705669512	0.002	0	0.05	0.006	-5	0.02	0.002	-30	0.01	full	rep18
1718	1	3	0.00542083866723935	-2.45988783533689	0	0.000228959612760943	3980.87579316748	0	0.00402015995963122	-14.7188621769398	0	460078.161427895	0.002	0	0.05	0.006	-5	0.02	0.002	-30	0.01	reduced	rep18
3303	1	3	0.00561735368012802	-5.51813187684064	0	0.00176726480062948	-51.3842680445539	0	0.00281780998016299	-0.906006169537318	0.0805926668412183	461667.008179611	0.002	0	0.05	0.006	-5	0.02	0.002	-30	0.01	full	rep19
1467	1	3	0.00640965965983543	-2.91103124940671	0	0.00301613998633419	-19.6251185661346	0	0.000244303523938842	1648.31973224872	0	461662.635571556	0.002	0	0.05	0.006	-5	0.02	0.002	-30	0.01	reduced	rep19
1865	1	3	0.000565383847044748	4.63689320655954	0.222687628114585	0.00694924877995035	-3.75814036449711	0	0.00266698546199515	-28.8890284899392	0.0494957367554563	463082.621155836	0.002	0	0.05	0.006	-5	0.02	0.002	-30	0.01	full	rep20
759	1	3	0.000240421648064212	4442.63597258068	0	0.0061275326899076	-2.75936040696734	0	0.0034306006477927	-19.1001988601218	0	463077.99305854	0.002	0	0.05	0.006	-5	0.02	0.002	-30	0.01	reduced	rep20
1183	1	3	0.00203787618485113	-46.6523373036813	0	0.00259445174804037	-0.785374968218518	0.0914666207898485	0.00562165979446406	-5.20385675704883	0	460320.60118784	0.002	0	0.05	0.006	-5	0.02	0.002	-30	0.01	full	rep21
847	1	3	0.00306642170666435	-22.1346527995991	0	0.000254170809370872	2128.46948839574	0	0.00643627329946169	-2.93556047594071	0	460316.532715596	0.002	0	0.05	0.006	-5	0.02	0.002	-30	0.01	reduced	rep21
2063	1	3	0.006302991098263	-2.81935967358874	0.0224751167223989	0.000207836099891443	10	0	0.003441242514826	-19.5953041693775	0.0277271012614851	457365.710640412	0.002	0	0.05	0.006	-5	0.02	0.002	-30	0.01	full	rep22
964	1	3	0.00594112598818118	-2.71270868781914	0	0.0035145566908496	-18.3780943902686	0	0.000240016088216294	4558.30886409742	0	457365.111032156	0.002	0	0.05	0.006	-5	0.02	0.002	-30	0.01	reduced	rep22
1510	1	3	0.00210350204217289	-26.9376917055131	0	0.00556750976467936	-5.28596686407606	0.0443250892051897	0.0023534043547077	-0.206555797384182	0	463079.600967261	0.002	0	0.05	0.006	-5	0.02	0.002	-30	0.01	full	rep23
251	1	3	0.000245810726530284	4627.83088228535	0	0.00350451910511186	-17.1717024342922	0	0.00594590696023368	-2.6544287088873	0	463077.934714385	0.002	0	0.05	0.006	-5	0.02	0.002	-30	0.01	reduced	rep23
3207	1	3	0.00416943964392553	-9.50072475253985	0.0135341466249532	0.00489861856434868	-1.69375909786303	0.0396827099296278	0.000888017212463806	-56.5081536488732	0	460080.530894376	0.002	0	0.05	0.006	-5	0.02	0.002	-30	0.01	full	rep24
1845	1	3	0.00024588521427347	4587.87153214318	0	0.00588774819018393	-2.62075438402004	0	0.00339425445508515	-15.9660434934394	0	460079.34501399	0.002	0	0.05	0.006	-5	0.02	0.002	-30	0.01	reduced	rep24
3082	1	3	0.00571769530595969	-3.57766686861072	0	0.00147925708959272	-0.494297217409594	0.163383563377004	0.00271247025836985	-21.175715477967	0	462138.117541121	0.002	0	0.05	0.006	-5	0.02	0.002	-30	0.01	full	rep25
1363	1	3	0.00314412557638593	-18.2817808235736	0	0.00624372452325575	-2.81154777753518	0	0.000247991669481787	4122.41716539851	0	462137.638714328	0.002	0	0.05	0.006	-5	0.02	0.002	-30	0.01	reduced	rep25
1224	1	3	0.00188632561094731	-35.1117157256265	0	0.00372487146918955	-1.31383770656243	0.0653809947227004	0.00447825188754832	-6.11086674260179	0	462716.426705736	0.002	0	0.05	0.006	-5	0.02	0.002	-30	0.01	full	rep26
836	1	3	0.000254091470708068	2420.44317218774	0	0.0033021637066137	-18.3751439955258	0	0.00613177363298668	-2.75276531199008	0	462714.361901214	0.002	0	0.05	0.006	-5	0.02	0.002	-30	0.01	reduced	rep26
4741	1	3	0.000382092501353172	7.3562176630834	0.0491215535074333	0.00300838532200267	-22.4084892930585	0.0381124479712161	0.00665626973050768	-3.29562059206639	0.0171344530193955	462616.254685051	0.002	0	0.05	0.006	-5	0.02	0.002	-30	0.01	full	rep27
87	1	3	0.00025125674652598	3621.66310837627	0	0.00365655758192865	-16.7227694119595	0	0.00580445727527357	-2.61931547270715	0	462613.593815177	0.002	0	0.05	0.006	-5	0.02	0.002	-30	0.01	reduced	rep27
1725	1	3	0.00226533293638421	-250	0	0.00396862742489066	-1.29484354784827	0.0575248394759935	0.00521048582725951	-8.02136804728893	0	462833.01603743	0.002	0	0.05	0.006	-5	0.02	0.002	-30	0.01	full	rep28
131	1	3	0.00554081439767159	-2.5221940005276	0	0.00385011010995604	-14.4913316747554	0	0.000247042309268561	861.11387135302	0	462825.052889372	0.002	0	0.05	0.006	-5	0.02	0.002	-30	0.01	reduced	rep28
2135	1	3	0.00743538831443921	-4.07387151562696	0	0.00231746731059365	-44.0096704322636	0.0463950852870506	0.000625522759528519	4.26800923934418	0.26319522471543	465006.589289194	0.002	0	0.05	0.006	-5	0.02	0.002	-30	0.01	full	rep29
1901	1	3	0.00639197869463199	-2.90362693218835	0	0.00316202121076854	-20.5953176872771	0	0.000255423770955592	3838.616979702	0	464998.175606012	0.002	0	0.05	0.006	-5	0.02	0.002	-30	0.01	reduced	rep29
4819	1	3	0.00485565033566635	-9.23826244572497	0	0.00080728574856647	-113.589465580617	0.0238415779732861	0.00451389685804609	-1.52266450460532	0.0493137921860601	463327.184537893	0.002	0	0.05	0.006	-5	0.02	0.002	-30	0.01	full	rep30
1342	1	3	0.00413961328984713	-12.6733056234679	0	0.00518800239309779	-2.29473160149958	0	0.000231770800605597	5000	0	463325.263261342	0.002	0	0.05	0.006	-5	0.02	0.002	-30	0.01	reduced	rep30
2123	1	3	0.00600180568724998	-4.44937790400069	0.0371594096005416	0.00243753986417834	-25.3699139280337	0	0.00158042440467811	0.553472562271463	0.00877445911841803	461711.812677526	0.002	0	0.05	0.006	-5	0.02	0.002	-30	0.01	full	rep31
1565	1	3	0.00580127473324954	-2.57572198160414	0	0.000249070287337062	1419.44212729876	0	0.00364007846447713	-16.9729968624429	0	461711.729608369	0.002	0	0.05	0.006	-5	0.02	0.002	-30	0.01	reduced	rep31
1987	1	3	0.00388971925570158	-6.98294248262191	0	0.00197216685475087	-31.898919246166	0	0.00426824649042197	-1.56554446364989	0.0577654505517799	461531.221288581	0.002	0	0.05	0.006	-5	0.02	0.002	-30	0.01	full	rep32
1946	1	3	0.00596006931378287	-2.73544150576786	0	0.00354612486589354	-18.1287985792548	0	0.000253839752549735	2715.1206912762	0	461530.390706751	0.002	0	0.05	0.006	-5	0.02	0.002	-30	0.01	reduced	rep32
1930	1	3	0.000222088338940755	10	0.00885784777358696	0.00635581467727768	-2.82745404229925	0.0227157799303605	0.00326458838555952	-17.89447058448	0.0276252517485009	460217.812150902	0.002	0	0.05	0.006	-5	0.02	0.002	-30	0.01	full	rep33
1423	1	3	0.0002453518395524	3713.06640488682	0	0.00346867520216574	-16.0736440505552	0	0.00586196446862496	-2.6395447177135	0	460217.012981553	0.002	0	0.05	0.006	-5	0.02	0.002	-30	0.01	reduced	rep33
3127	1	3	0.0040509620705165	-1.28817290216887	0.0417293031498593	0.00511194082633444	-8.12219136734125	0.0119865768547908	0.000944574065331553	-101.754984114869	0	460938.34329329	0.002	0	0.05	0.006	-5	0.02	0.002	-30	0.01	full	rep34
340	1	3	0.00384241873744325	-12.7885510915193	0	0.00023118301501128	2878.81464475016	0	0.00538259477847623	-2.39317426263208	0	460936.063547876	0.002	0	0.05	0.006	-5	0.02	0.002	-30	0.01	reduced	rep34
2850	1	3	0.00510079764739037	-1.79379144443807	0.043353999118856	0.00128954281098427	-27.6929624884658	0	0.00357947414572513	-9.65601121660899	0	464160.325804529	0.002	0	0.05	0.006	-5	0.02	0.002	-30	0.01	full	rep35
28	1	3	0.00380058528626192	-15.4212687207505	0	0.0056684682561952	-2.47395792263022	0	0.000226888470591806	1556.94458057324	0	464161.222850681	0.002	0	0.05	0.006	-5	0.02	0.002	-30	0.01	reduced	rep35
329	1	3	0.002489719440839	-0.388361720553858	0.085497891613103	0.00167616032753872	-49.3375818465623	0	0.0059987718320131	-5.542661785272	0	463906.8731383	0.002	0	0.05	0.006	-5	0.02	0.002	-30	0.01	full	rep36
1233	1	3	0.00374492546371493	-14.3986456391465	0	0.000235870222670495	1014.7624549411	0	0.00560273791476875	-2.43445826812818	0	463899.988697138	0.002	0	0.05	0.006	-5	0.02	0.002	-30	0.01	reduced	rep36
2258	1	3	0.000719577986734414	2.07082629947785	0.301361313432202	0.00298124294439871	-24.7726928264795	0	0.00642223182645388	-3.45699136046406	0	462599.536103832	0.002	0	0.05	0.006	-5	0.02	0.002	-30	0.01	full	rep37
1113	1	3	0.00597464694700099	-2.65742023838086	0	0.00359767305719804	-19.7536147233844	0	0.00026656679071402	285.74516769312	0	462598.652500108	0.002	0	0.05	0.006	-5	0.02	0.002	-30	0.01	reduced	rep37
603	1	3	0.00201023578393476	-26.2002589765112	0	0.00347023865698318	-0.920327571331147	0.0138536439601114	0.00458349347745139	-6.50497978636014	0.0449240093908391	464766.90328075	0.002	0	0.05	0.006	-5	0.02	0.002	-30	0.01	full	rep38
921	1	3	0.00363448645219051	-16.9785942461776	0	0.0058650004809405	-2.59414771594119	0	0.000245610258056314	4507.66072450744	0	464765.79198722	0.002	0	0.05	0.006	-5	0.02	0.002	-30	0.01	reduced	rep38
402	1	3	0.00190193795329183	-26.7151772153654	0	0.0017236220454728	0.360563146398458	0	0.00630277162289176	-4.89322451697844	0.038078806569302	461956.491103147	0.002	0	0.05	0.006	-5	0.02	0.002	-30	0.01	full	rep39
943	1	3	0.000245724204476399	2315.2969706026	0	0.00347855601019564	-15.1943629527374	0	0.00585781236253955	-2.6893220641497	0	461955.285890592	0.002	0	0.05	0.006	-5	0.02	0.002	-30	0.01	reduced	rep39
1780	1	3	0.00546738271670694	-6.93279191637707	0	0.0033000415117176	-0.957453664727407	0.0627214383475775	0.00137668048780434	-69.0837418502436	0.042818125986386	455389.640001147	0.002	0	0.05	0.006	-5	0.02	0.002	-30	0.01	full	rep40
1370	1	3	0.000242114085319437	3337.50985948093	0	0.00550699332157035	-2.55071092306694	0	0.00372501208634482	-14.3443189157722	0	455383.928734124	0.002	0	0.05	0.006	-5	0.02	0.002	-30	0.01	reduced	rep40
3147	1	3	0.00652109806639777	-5.20417838739481	0.0339940489918003	0.00169438165434375	-43.8237914418177	0	0.00187558764229705	0.368450531803192	0	462902.771847048	0.002	0	0.05	0.006	-5	0.02	0.002	-30	0.01	full	rep41
1318	1	3	0.000232054065763962	1857.56618182294	0	0.00334016668564032	-16.5442490257149	0	0.00603181049186067	-2.6460519588805	0	462897.567211485	0.002	0	0.05	0.006	-5	0.02	0.002	-30	0.01	reduced	rep41
3147	1	3	0.00590274578094124	-2.95106227562966	0.0367074139765776	0.00352167032491057	-13.6667230580991	0	0.000385910088748913	3.61688545200991	0	464210.223089993	0.002	0	0.05	0.006	-5	0.02	0.002	-30	0.01	full	rep42
1297	1	3	0.00022708379631949	4770.3551736623	0	0.00478524982935187	-2.16847326513773	0	0.00454048312471511	-11.1642382822933	0	464209.329269858	0.002	0	0.05	0.006	-5	0.02	0.002	-30	0.01	reduced	rep42
3447	1	3	0.00389360960177211	-11.6565305531659	0.000828877210268035	0.00560522217016089	-2.0704338997466	0.0421683843362171	0.000447775091858824	-161.85355039092	0	460079.315195872	0.002	0	0.05	0.006	-5	0.02	0.002	-30	0.01	full	rep43
848	1	3	0.000239430593118585	2472.10865554606	0	0.00597024307343401	-2.70372550059631	0	0.00326652151027202	-15.1482546605575	0	460078.73976367	0.002	0	0.05	0.006	-5	0.02	0.002	-30	0.01	reduced	rep43
1523	1	3	0.00170958589834624	-152.426704472085	0.0358573226093907	0.00407523045054579	-1.35013416476462	0.0529374191848484	0.00502721125706414	-7.99775087798337	0	462655.248523793	0.002	0	0.05	0.006	-5	0.02	0.002	-30	0.01	full	rep44
1690	1	3	0.000238790125254523	4558.1928328872	0	0.00359831595135115	-15.707912128931	0	0.00580485619090364	-2.60836129872291	0	462648.452910769	0.002	0	0.05	0.006	-5	0.02	0.002	-30	0.01	reduced	rep44
62	1	3	0.0016245775342621	-50.314718063093	0	0.00464778340307985	-1.61184616023403	0.0462977066326497	0.00387874002001569	-8.25385967565221	0.00608364413329953	457190.286927219	0.002	0	0.05	0.006	-5	0.02	0.002	-30	0.01	full	rep45
1549	1	3	0.00605103274474749	-2.68586560197227	0	0.000246440316389231	1558.54667046825	0	0.00336602466300565	-19.7138859587164	0	457187.700892769	0.002	0	0.05	0.006	-5	0.02	0.002	-30	0.01	reduced	rep45
2048	1	3	0.00673712352986854	-3.99557746207697	0.0283312842428267	0.000815432731667132	2.34439032246293	0.0042507229962194	0.00231765582508869	-22.9041891534039	0.0139555921034794	459835.576110737	0.002	0	0.05	0.006	-5	0.02	0.002	-30	0.01	full	rep46
1005	1	3	0.000235135638228863	2403.29110805592	0	0.00556291751713293	-2.53063076735549	0	0.00374379915135039	-14.1535728583444	0	459832.985641824	0.002	0	0.05	0.006	-5	0.02	0.002	-30	0.01	reduced	rep46
878	1	3	0.0041964793358296	-1.367577438525	0.0520601826561394	0.00507057178786547	-8.59023878049041	0	0.00202749618989697	-250	0.013709007803941	463769.662639839	0.002	0	0.05	0.006	-5	0.02	0.002	-30	0.01	full	rep47
562	1	3	0.00406036540763844	-13.9839024806984	0	0.00536657928844817	-2.36633460145131	0	0.000230148520083296	5000	0	463763.129359256	0.002	0	0.05	0.006	-5	0.02	0.002	-30	0.01	reduced	rep47
3310	1	3	0.00383456219563832	-1.13164066285563	0.0465143258420328	0.00493390008224532	-7.67102715566361	0	0.00104738635041019	-35.1518319888546	0.0970438158997414	459034.719571495	0.002	0	0.05	0.006	-5	0.02	0.002	-30	0.01	full	rep48
745	1	3	0.000242578441658139	4979.10264256097	0	0.00548139686206724	-2.45875607730482	0	0.00372362684770342	-13.5834756295514	0	459030.174231553	0.002	0	0.05	0.006	-5	0.02	0.002	-30	0.01	reduced	rep48
2550	1	3	0.00676999244683728	-4.7548024054512	0	0.00131371538409867	1.16776500496786	0.117875586981657	0.00178917038081245	-25.3996281199114	0.0535624175933122	461841.750271917	0.002	0	0.05	0.006	-5	0.02	0.002	-30	0.01	full	rep49
136	1	3	0.00503911779817776	-2.3280038409879	0	0.000236999630409337	3595.17153867592	0	0.00421625212264932	-11.6857519369487	0	461838.551462832	0.002	0	0.05	0.006	-5	0.02	0.002	-30	0.01	reduced	rep49
2440	1	3	0.00224706606418139	-23.7118758390667	0	0.00525185344700285	-4.87736624740208	0	0.00244905348187441	-0.643127694087312	0.0931238998746947	462046.819295872	0.002	0	0.05	0.006	-5	0.02	0.002	-30	0.01	full	rep50
808	1	3	0.00561767250844935	-2.539976429745	0	0.00024154171560045	1775.61313137138	0	0.00376263373574722	-14.810799203345	0	462045.494098079	0.002	0	0.05	0.006	-5	0.02	0.002	-30	0.01	reduced	rep50
2054	1	3	0.00313344295503251	-17.3355660422276	0	0.00643166241451459	-2.94434347270793	0.0172000875911705	0.000261218477334646	5.38520471209558	0.5	460339.922238747	0.002	0	0.05	0.006	-5	0.02	0.002	-30	0.01	full	rep51
848	1	3	0.00334710144049931	-16.0670400372735	0	0.00596847661889601	-2.74726068029718	0	0.000250194324732031	4823.80684751123	0	460339.409802437	0.002	0	0.05	0.006	-5	0.02	0.002	-30	0.01	reduced	rep51
4481	1	3	0.00606099385588801	-2.89263576628015	0.00370200738911474	0.00358286484459633	-17.685762923069	0.0605617252700197	0.000313614326913237	10	0	462248.400379996	0.002	0	0.05	0.006	-5	0.02	0.002	-30	0.01	full	rep52
1645	1	3	0.00569650037124064	-2.54139903233793	0	0.00375978281397102	-15.7582037699623	0	0.000231661753048254	4088.38331474492	0	462247.159412169	0.002	0	0.05	0.006	-5	0.02	0.002	-30	0.01	reduced	rep52
1829	1	3	0.00262569235841673	-0.212476119110652	0	0.00153489020198758	-50.8191823319652	0.0158997880636689	0.00593593342684917	-6.32488995867266	0.0381745069763468	457885.701378876	0.002	0	0.05	0.006	-5	0.02	0.002	-30	0.01	full	rep53
1967	1	3	0.0035526528059344	-16.1735158573745	0	0.00576472720369904	-2.55881204735283	0	0.000236581979208772	4568.58030245088	0	457879.638785668	0.002	0	0.05	0.006	-5	0.02	0.002	-30	0.01	reduced	rep53
2736	1	3	0.00198526703857507	-27.98529839397	0.0309776186580664	0.00265290384530257	-0.585968118740038	0.0726025184187469	0.00540427007821498	-5.52138076310274	0	463305.856858354	0.002	0	0.05	0.006	-5	0.02	0.002	-30	0.01	full	rep54
617	1	3	0.00375552939017618	-15.1254713431728	0	0.000242337272873172	4866.14869731825	0	0.00566928151585199	-2.57122253892305	0	463303.786696508	0.002	0	0.05	0.006	-5	0.02	0.002	-30	0.01	reduced	rep54
2247	1	3	0.00437461296603816	-7.04207574907306	0	0.00168814790356307	-44.5543723171421	0	0.0040281655715965	-1.33337436612169	0.0527935528929513	458931.391000428	0.002	0	0.05	0.006	-5	0.02	0.002	-30	0.01	full	rep55
283	1	3	0.000224182733107164	1929.68523378337	0	0.00583494554248717	-2.52170866824182	0	0.00356652000674268	-17.176233006939	0	458928.604072567	0.002	0	0.05	0.006	-5	0.02	0.002	-30	0.01	reduced	rep55
1363	1	3	0.00167981000592955	-70.6294162287363	0.0252693753138375	0.00688270420538172	-5.42488841818757	0.0318074076881615	0.00173256261458434	0.629284965960397	0	459117.666476573	0.002	0	0.05	0.006	-5	0.02	0.002	-30	0.01	full	rep56
1114	1	3	0.00602346269632967	-2.75912203363619	0	0.00326764030037622	-16.3758860363958	0	0.000245185065656075	4158.75302441453	0	459108.664613207	0.002	0	0.05	0.006	-5	0.02	0.002	-30	0.01	reduced	rep56
2577	1	3	0.00630633163046556	-4.5118435828914	0.0375423966144356	0.00208959222028857	-24.1263056325137	0	0.00148536932299232	0.68154291123807	0	462064.159267517	0.002	0	0.05	0.006	-5	0.02	0.002	-30	0.01	full	rep57
1218	1	3	0.00360913734036781	-14.5444705689658	0	0.000242473971603747	4815.67757693512	0	0.0056939348988595	-2.54910550480058	0	462062.579160541	0.002	0	0.05	0.006	-5	0.02	0.002	-30	0.01	reduced	rep57
3267	1	3	0.00225252415608665	-24.4658674829123	0.0425136918474522	0.0066131440675096	-4.39826429152528	0.0188309089493504	0.00104883754426065	2.1548631504205	0.0226007105103593	459173.330463818	0.002	0	0.05	0.006	-5	0.02	0.002	-30	0.01	full	rep58
1647	1	3	0.000233282686984696	3444.47655254617	0	0.00509863468311415	-2.27393693013261	0	0.00420304471231666	-12.9999984968801	0	459170.233450495	0.002	0	0.05	0.006	-5	0.02	0.002	-30	0.01	reduced	rep58
1002	1	3	0.000552800286654612	6.02194059881391	0	0.00223049450335948	-28.0279598221553	0.0780781354295368	0.00717194254630176	-3.92221385505523	0.0124099825897718	461078.703505846	0.002	0	0.05	0.006	-5	0.02	0.002	-30	0.01	full	rep59
228	1	3	0.00560469118331119	-2.56552063674204	0	0.000246112699482992	3877.1928946279	0	0.00366471832989574	-13.9060822692538	0	461071.604400229	0.002	0	0.05	0.006	-5	0.02	0.002	-30	0.01	reduced	rep59
3075	1	3	0.00133106098499562	-54.8410615222603	0.0345645887436508	0.00655516004271225	-6.04483377519788	0.029891229819387	0.0021749259083046	0.330836153112228	0.00406549185312816	460895.718523353	0.002	0	0.05	0.006	-5	0.02	0.002	-30	0.01	full	rep60
666	1	3	0.000230878394159923	4519.21732669105	0	0.00405607311013583	-12.7602307439933	0	0.00519921205405764	-2.26689221053577	0	460890.545811014	0.002	0	0.05	0.006	-5	0.02	0.002	-30	0.01	reduced	rep60
3153	1	3	0.000915913544748131	1.53545392731469	0	0.00674474202192098	-3.99028818964095	0.0357745609309145	0.00231738424886606	-25.6505544633066	1.42866254853047e-07	461754.216157751	0.002	0	0.05	0.006	-5	0.02	0.002	-30	0.01	full	rep61
1607	1	3	0.00611024038189661	-2.80779904441494	0	0.000252537745144989	2924.09379321181	0	0.00327991519389051	-17.332621512248	0	461752.694102496	0.002	0	0.05	0.006	-5	0.02	0.002	-30	0.01	reduced	rep61
2207	1	3	0.00697240653499039	-3.38743128630966	0.0120291604799964	0.00251100179666792	-22.9854788375149	0	0.00039745465444029	5.21783633782244	0.335144889880162	462283.744049984	0.002	0	0.05	0.006	-5	0.02	0.002	-30	0.01	full	rep62
1918	1	3	0.00338990186659112	-15.6420035104407	0	0.000238990917258247	2776.06174700701	0	0.00592867983481217	-2.63209823602736	0	462280.895165641	0.002	0	0.05	0.006	-5	0.02	0.002	-30	0.01	reduced	rep62
3298	1	3	0.00658127122920122	-2.93003914977967	0.0273772682851168	0.00313289591702122	-19.0610222581298	0.00690115755148786	0.000208147836670728	9.02318461249252	0.0924852936521525	462080.549194875	0.002	0	0.05	0.006	-5	0.02	0.002	-30	0.01	full	rep63
1374	1	3	0.00342230366433646	-16.811978775064	0	0.000243596953919272	1522.34621348483	0	0.00599814786843481	-2.7309984628895	0	462079.43394004	0.002	0	0.05	0.006	-5	0.02	0.002	-30	0.01	reduced	rep63
2434	1	3	0.00186511947634626	-37.8254636997601	0	0.00583314169835423	-5.18733385738393	0	0.00238779952233368	-0.407845508115937	0.0965913950135746	463131.776950322	0.002	0	0.05	0.006	-5	0.02	0.002	-30	0.01	full	rep64
36	1	3	0.00351755193965047	-16.2044875321907	0	0.0058506888890678	-2.58813499703277	0	0.000253650005912954	1043.05981353519	0	463127.757050656	0.002	0	0.05	0.006	-5	0.02	0.002	-30	0.01	reduced	rep64
1955	1	3	0.00470173014900062	-1.75679905958287	0.0478802499380753	0.00448193796173137	-8.97063046096165	0	0.000855308912531762	-72.5883333550772	0	460378.286231196	0.002	0	0.05	0.006	-5	0.02	0.002	-30	0.01	full	rep65
489	1	3	0.00364492294199675	-14.0228973063454	0	0.000229179655619397	3280.66585424604	0	0.00567200174947311	-2.62513881440143	0	460377.435417996	0.002	0	0.05	0.006	-5	0.02	0.002	-30	0.01	reduced	rep65
4209	1	3	0.00427462319319928	-11.6914550999747	0	0.00533199061355161	-1.88214093243623	0.0438904345962595	0.000446394163596326	-248.753043560756	0.0588771357702648	461281.176962969	0.002	0	0.05	0.006	-5	0.02	0.002	-30	0.01	full	rep66
43	1	3	0.00023777600236786	4503.53471120014	0	0.00373437950924682	-14.0987681193333	0	0.00555219985708979	-2.45627178068091	0	461280.45753279	0.002	0	0.05	0.006	-5	0.02	0.002	-30	0.01	reduced	rep66
1952	1	3	0.00153966465469239	-41.7719684960849	0	0.00595524312930543	-6.23033877047534	0.0413361665996005	0.00257966335568833	-0.314497547377482	0	459076.060397633	0.002	0	0.05	0.006	-5	0.02	0.002	-30	0.01	full	rep67
575	1	3	0.00587353382666346	-2.71027771299081	0	0.00350859704080325	-16.4431027345502	0	0.000242349011390482	4120.92659198593	0	459071.945553707	0.002	0	0.05	0.006	-5	0.02	0.002	-30	0.01	reduced	rep67
4904	1	3	0.00585008538547181	-5.2523613440968	0.0404691944696182	0.00211545201558451	-0.0250143827507512	0	0.00206604485963401	-26.9328066480559	0	462012.639842761	0.002	0	0.05	0.006	-5	0.02	0.002	-30	0.01	full	rep68
93	1	3	0.000237504797869418	4286.11711829162	0	0.0057867488846064	-2.6406100368418	0	0.00366933469513387	-16.0066917646959	0	462011.23688429	0.002	0	0.05	0.006	-5	0.02	0.002	-30	0.01	reduced	rep68
1464	1	3	0.00447348541430478	-11.9765269094599	0	0.000489257575114973	-153.845197337537	0.0746077033238914	0.00521170635130563	-1.82295141806304	0.0431113278491543	463283.954243587	0.002	0	0.05	0.006	-5	0.02	0.002	-30	0.01	full	rep69
93	1	3	0.000233543108858274	4286.12040704297	0	0.00548455034484111	-2.42306375606488	0	0.00397074091051044	-14.8400341275788	0	463283.045637964	0.002	0	0.05	0.006	-5	0.02	0.002	-30	0.01	reduced	rep69
4152	1	3	0.00704492209573148	-3.95167807016202	0.0241322256182139	0.000702548947716014	2.96576188903259	0	0.00220148213683362	-29.1751326458612	0.043176595783981	459275.20771294	0.002	0	0.05	0.006	-5	0.02	0.002	-30	0.01	full	rep70
1920	1	3	0.00306782391049667	-18.0115380908756	0	0.000253019054494501	1978.23257666608	0	0.00624174384292684	-2.86388132627267	0	459271.802077659	0.002	0	0.05	0.006	-5	0.02	0.002	-30	0.01	reduced	rep70
4048	1	3	0.00153087820079161	-36.2477046529467	0.0305483113535244	0.0017673593101535	0.395576570388799	0.0927868724685092	0.0066429635290721	-5.24983476738644	0.00463522231751605	460038.419279252	0.002	0	0.05	0.006	-5	0.02	0.002	-30	0.01	full	rep71
1433	1	3	0.000235551574926772	4841.46845613017	0	0.00421243866364035	-11.8521434045255	0	0.00501711592525281	-2.2928264933369	0	460033.781146794	0.002	0	0.05	0.006	-5	0.02	0.002	-30	0.01	reduced	rep71
1492	1	3	0.0070366530982828	-4.33304544581345	0	0.00224596337108362	-31.0289831685985	0.0727933255503318	0.000886072180528014	2.58479885937746	0.128357282083824	464301.164398811	0.002	0	0.05	0.006	-5	0.02	0.002	-30	0.01	full	rep72
151	1	3	0.0035910587115917	-16.0009884499742	0	0.00588888898579009	-2.70490189255163	0	0.000239876031094013	4377.46319815197	0	464293.672658612	0.002	0	0.05	0.006	-5	0.02	0.002	-30	0.01	reduced	rep72
3188	1	3	0.00354825493428897	-1.11668475040881	0.0655540078591464	0.00144279522757648	-64.72913427702	0	0.00523255645400575	-6.8956405525955	0	460978.223956527	0.002	0	0.05	0.006	-5	0.02	0.002	-30	0.01	full	rep73
773	1	3	0.0036232177874021	-15.1858366642229	0	0.000252144220632919	961.173711437936	0	0.0057091341930483	-2.60195081933621	0	460973.535226742	0.002	0	0.05	0.006	-5	0.02	0.002	-30	0.01	reduced	rep73
1232	1	3	0.00684104877316566	-3.88609913169366	0.020620815225521	0.000632811591223998	3.80922946082064	0	0.00249280988497899	-23.2921036447119	0.0451992819818531	460827.446098175	0.002	0	0.05	0.006	-5	0.02	0.002	-30	0.01	full	rep74
1783	1	3	0.000245260747289644	3242.69327664675	0	0.00563106654157484	-2.62277586758967	0	0.00372987691760082	-14.6368908476985	0	460824.733101598	0.002	0	0.05	0.006	-5	0.02	0.002	-30	0.01	reduced	rep74
1993	1	3	0.00690877578947906	-2.94924986242245	0.0286471066015843	0.00283361534299281	-21.3099808609633	0.00801335607933638	0.00017293567340596	10	0	463554.000984614	0.002	0	0.05	0.006	-5	0.02	0.002	-30	0.01	full	rep75
318	1	3	0.00302069681527936	-19.0611252647285	0	0.00640142812892005	-2.84830443360669	0	0.000238255446808434	3961.43235375531	0	463552.053149136	0.002	0	0.05	0.006	-5	0.02	0.002	-30	0.01	reduced	rep75
1612	1	3	0.00372061596502229	-1.32805165288291	0.0650878982965519	0.0044677929707591	-6.14436268415751	0	0.00183580466863631	-33.9386884208238	0	460793.173332113	0.002	0	0.05	0.006	-5	0.02	0.002	-30	0.01	full	rep76
1552	1	3	0.000264188502482587	645.094421917957	0	0.00316894083154247	-18.8701182751944	0	0.00622071387433627	-2.85090500691142	0	460792.608986861	0.002	0	0.05	0.006	-5	0.02	0.002	-30	0.01	reduced	rep76
1821	1	3	0.00548758410720245	-2.02230424695294	0.0438115818526618	0.000414234510360666	-213.568693582349	0.123473464836824	0.00428356125004684	-12.4547845080552	0	464154.445157574	0.002	0	0.05	0.006	-5	0.02	0.002	-30	0.01	full	rep77
1364	1	3	0.000249131072116913	2884.43491353464	0	0.00581891371784598	-2.68892942700758	0	0.00362693930810871	-15.5828075729847	0	464153.02989626	0.002	0	0.05	0.006	-5	0.02	0.002	-30	0.01	reduced	rep77
3273	1	3	0.00681247972116285	-4.58525010985572	0.0283983024335181	0.00203135646008192	-38.2357498536742	0.0266851649188264	0.0012528625579826	1.15032620494452	0	458881.666589798	0.002	0	0.05	0.006	-5	0.02	0.002	-30	0.01	full	rep78
1364	1	3	0.000237559730582085	2879.66894160797	0	0.00628945791786916	-2.86374098313332	0	0.00312586636936442	-19.4174853664605	0	458877.264512853	0.002	0	0.05	0.006	-5	0.02	0.002	-30	0.01	reduced	rep78
1227	1	3	0.00453067236727927	-7.05436514967809	0	0.00175491428163303	-47.3907664159823	0.0381174051104648	0.00392297170648976	-1.32801298350307	0.0480789814647505	459394.560578337	0.002	0	0.05	0.006	-5	0.02	0.002	-30	0.01	full	rep79
1364	1	3	0.000230956988467786	2881.12152839219	0	0.00616381724191361	-2.76799319984999	0	0.00332656805918918	-19.4817547226865	0	459390.316284357	0.002	0	0.05	0.006	-5	0.02	0.002	-30	0.01	reduced	rep79
3806	1	3	0.00516082813802458	-7.61241761024031	0.0220295495556612	0.00116125575701698	-40.0093543747924	0	0.00367604357004685	-1.10297859390057	0.0349076218378066	460841.317675574	0.002	0	0.05	0.006	-5	0.02	0.002	-30	0.01	full	rep80
570	1	3	0.0038784987103028	-14.2064535937447	0	0.000238878801088273	3572.94669079701	0	0.00548409540515062	-2.5103507385217	0	460839.778492687	0.002	0	0.05	0.006	-5	0.02	0.002	-30	0.01	reduced	rep80
408	1	3	0.00689716245420974	-4.32358997189642	0.0328869296336236	0.00110259147748744	1.39484935203283	0	0.00208361405976798	-33.6271392309586	0	463097.737212282	0.002	0	0.05	0.006	-5	0.02	0.002	-30	0.01	full	rep81
402	1	3	0.000243830830565706	1705.88995728998	0	0.00617497869984145	-2.76683056757327	0	0.0032618168243752	-18.0586240617798	0	463094.358688419	0.002	0	0.05	0.006	-5	0.02	0.002	-30	0.01	reduced	rep81
2648	1	3	0.00354965860427172	-1.24237449595464	0.0639647343223151	0.00193311098186504	-36.6288192985075	0	0.0046476258580936	-6.1588514675169	0	460461.926665259	0.002	0	0.05	0.006	-5	0.02	0.002	-30	0.01	full	rep82
971	1	3	0.00024429012835851	999.199520950374	0	0.00340898027738902	-18.5696772353369	0	0.00607410527978801	-2.76786979095568	0	460460.255239476	0.002	0	0.05	0.006	-5	0.02	0.002	-30	0.01	reduced	rep82
3019	1	3	0.00029039567517159	10	0.0264878903269749	0.00343078517838197	-18.3618309886679	0.0411255969237884	0.00621558435851928	-2.95237883542807	0.0133840838153624	460271.412128571	0.002	0	0.05	0.006	-5	0.02	0.002	-30	0.01	full	rep83
1730	1	3	0.00564082098163223	-2.55948994624488	0	0.000239696672691589	2119.21188468705	0	0.00377884331813334	-15.6649449122209	0	460270.440130242	0.002	0	0.05	0.006	-5	0.02	0.002	-30	0.01	reduced	rep83
870	1	3	0.00524671336539859	-5.24140763880125	0	0.00224321710176096	-40.8702279995389	0.0304068031162398	0.00275358523519165	-0.777758701571009	0.0733864516092485	459618.515604526	0.002	0	0.05	0.006	-5	0.02	0.002	-30	0.01	full	rep84
1990	1	3	0.000249876398082079	4918.25866129573	0	0.00643574166814228	-2.89081397142741	0	0.00311382070927925	-23.6466463401676	0	459614.398937891	0.002	0	0.05	0.006	-5	0.02	0.002	-30	0.01	reduced	rep84
3808	1	3	0.00278720984911248	-0.817390140959115	0.0836831815307019	0.00531574855400146	-5.48159066752632	0	0.00169169701399991	-28.8009600665231	0	456402.367079836	0.002	0	0.05	0.006	-5	0.02	0.002	-30	0.01	full	rep85
1740	1	3	0.000245064162331774	2499.41666689497	0	0.0036276360518136	-13.9142365722292	0	0.00555018292972656	-2.54778011501986	0	456400.498502501	0.002	0	0.05	0.006	-5	0.02	0.002	-30	0.01	reduced	rep85
3019	1	3	0.000349313835789204	10	0.0243531100812602	0.00297792312376263	-23.0126245147049	0.0580084208173451	0.00670164533100952	-3.24944201237533	0.00977061555512252	462875.152870047	0.002	0	0.05	0.006	-5	0.02	0.002	-30	0.01	full	rep86
1220	1	3	0.00602382488278732	-2.69827627770798	0	0.000244911479726528	4957.82704848627	0	0.00343574768925911	-17.6550282492627	0	462872.388793889	0.002	0	0.05	0.006	-5	0.02	0.002	-30	0.01	reduced	rep86
4502	1	3	0.00651370341876686	-4.52210038280813	0	0.00146937214157062	0.414648160876856	0.152648997278084	0.00196381593485483	-30.7449984471888	0	459412.119090806	0.002	0	0.05	0.006	-5	0.02	0.002	-30	0.01	full	rep87
686	1	3	0.000247037768404983	1225.59223667912	0	0.00364544290503071	-14.6579418329256	0	0.00564262719170365	-2.58121912482832	0	459408.286204917	0.002	0	0.05	0.006	-5	0.02	0.002	-30	0.01	reduced	rep87
2111	1	3	0.00157057762901701	-37.8879691544657	0	0.00534147268023967	-5.71954914121054	0.00989358373770154	0.00303342830177239	-0.909162966282562	0.0587358542893015	461579.332822824	0.002	0	0.05	0.006	-5	0.02	0.002	-30	0.01	full	rep88
1670	1	3	0.0032232528974053	-16.0488404717036	0	0.000238413782821433	4310.02359869116	0	0.00606149516448081	-2.69560878519929	0	461576.328021198	0.002	0	0.05	0.006	-5	0.02	0.002	-30	0.01	reduced	rep88
2583	1	3	0.00483074675094552	-1.74413538204465	0.0514606165915677	0.00433129080087462	-9.17399591838327	0	0.00243372832024535	-250	0	462272.434707691	0.002	0	0.05	0.006	-5	0.02	0.002	-30	0.01	full	rep89
1216	1	3	0.00617759382396459	-2.81406286959262	0	0.00331222415873401	-19.3321472698283	0	0.000256815747947626	2690.0534944992	0	462265.055998836	0.002	0	0.05	0.006	-5	0.02	0.002	-30	0.01	reduced	rep89
3383	1	3	0.000106430068051311	10	0	0.00651870113902514	-2.67125830975292	0.0365546296998146	0.00324757317297077	-18.1456136498718	0	460788.437429206	0.002	0	0.05	0.006	-5	0.02	0.002	-30	0.01	full	rep90
1521	1	3	0.00318455767984773	-18.2738013520626	0	0.00619434234687457	-2.82218446395309	0	0.000253620849246495	2038.35654052099	0	460788.402187645	0.002	0	0.05	0.006	-5	0.02	0.002	-30	0.01	reduced	rep90
1507	1	3	0.000977827112233141	-61.6839127358326	0.0474430430981368	0.0039453398038084	-11.0500527218881	0	0.00529206097296957	-1.93919178123407	0.0418114758054264	462052.770257754	0.002	0	0.05	0.006	-5	0.02	0.002	-30	0.01	full	rep91
1940	1	3	0.00600976840555105	-2.74592499072215	0	0.00351464420098728	-17.9929367155671	0	0.000240918839923216	4638.5166286614	0	462050.20109272	0.002	0	0.05	0.006	-5	0.02	0.002	-30	0.01	reduced	rep91
4676	1	3	0.00489583918390716	-6.96235009320872	0	0.00164776971837137	-83.4484123571172	0	0.00381583808724182	-1.2185098642469	0.0603694917777787	459708.854582228	0.002	0	0.05	0.006	-5	0.02	0.002	-30	0.01	full	rep92
884	1	3	0.000242499534057736	3305.62223388968	0	0.0059404521507819	-2.59689270387598	0	0.00337231912619819	-17.0014609571565	0	459702.426532328	0.002	0	0.05	0.006	-5	0.02	0.002	-30	0.01	reduced	rep92
3832	1	3	0.00223236647387694	-0.213805940715442	0.0161905033209624	0.00621137881639672	-5.58258540526766	0.0352301152783485	0.00153658272884719	-37.0285999236237	0	459827.641447018	0.002	0	0.05	0.006	-5	0.02	0.002	-30	0.01	full	rep93
1185	1	3	0.00319740247346214	-16.3573811148671	0	0.00610503278451725	-2.88205863420459	0	0.000256430317481108	2935.14368516622	0	459825.28435732	0.002	0	0.05	0.006	-5	0.02	0.002	-30	0.01	reduced	rep93
2378	1	3	0.0015413871246489	0.647991898155796	0	0.00204016721914808	-30.4151139408464	0	0.00641855798776862	-4.70525571208566	0.0363065988005191	460558.055269659	0.002	0	0.05	0.006	-5	0.02	0.002	-30	0.01	full	rep94
1144	1	3	0.00345092799622224	-16.7610324079937	0	0.00593160928447081	-2.67195963420351	0	0.000242082090097659	2748.27698773648	0	460555.204521555	0.002	0	0.05	0.006	-5	0.02	0.002	-30	0.01	reduced	rep94
542	1	3	0.00450052413319808	-7.8619087746953	0	0.0042174381920904	-1.39887490142889	0.0511786115924758	0.00135282735201649	-56.537572985551	0	457657.816953132	0.002	0	0.05	0.006	-5	0.02	0.002	-30	0.01	full	rep95
1681	1	3	0.00559466822381852	-2.43310345683914	0	0.000225161675068569	2384.43197921484	0	0.00372079888463225	-15.3698850802763	0	457654.686189561	0.002	0	0.05	0.006	-5	0.02	0.002	-30	0.01	reduced	rep95
503	1	3	0.000964972231888455	-93.9329469283774	0	0.00497205821601686	-1.71253753311931	0.0450198144245963	0.004306284897796	-10.4279123919547	0	461046.812929048	0.002	0	0.05	0.006	-5	0.02	0.002	-30	0.01	full	rep96
870	1	3	0.00552439751316162	-2.40329264704592	0	0.00389610821465449	-15.3210481288984	0	0.000228732518348079	2381.94593527087	0	461045.102520773	0.002	0	0.05	0.006	-5	0.02	0.002	-30	0.01	reduced	rep96
4844	1	3	0.00330036390308217	-22.8363305506873	0.0776747479340333	0.000364983000622502	10	0	0.00643425626500859	-3.17018733007787	0.00215722239384392	461098.291815567	0.002	0	0.05	0.006	-5	0.02	0.002	-30	0.01	full	rep97
1892	1	3	0.000245466635221295	4737.82173247177	0	0.00606627221916142	-2.73564698951115	0	0.00346908944711212	-19.3820132345801	0	461095.639726749	0.002	0	0.05	0.006	-5	0.02	0.002	-30	0.01	reduced	rep97
3020	1	3	0.00292668290034358	-0.394980864327732	0	0.00105934274454636	-84.9818339403776	0	0.00609495052057224	-7.1016874914188	0.0427835937643404	458587.497598604	0.002	0	0.05	0.006	-5	0.02	0.002	-30	0.01	full	rep98
600	1	3	0.00553897373461764	-2.50714683820393	0	0.000251820909567272	3009.55710146438	0	0.00364351814232553	-13.8323325064582	0	458583.341261807	0.002	0	0.05	0.006	-5	0.02	0.002	-30	0.01	reduced	rep98
2105	1	3	0.00668974526053015	-5.52119257585124	0.0347118617433747	0.0016253645008996	-46.3483341879996	0	0.0018619159683447	0.439529083218627	0	462683.895284521	0.002	0	0.05	0.006	-5	0.02	0.002	-30	0.01	full	rep99
1155	1	3	0.000240891489596952	2019.10386214604	0	0.00367324518158822	-15.10586058311	0	0.00573164460150568	-2.62389628539111	0	462679.013512803	0.002	0	0.05	0.006	-5	0.02	0.002	-30	0.01	reduced	rep99
4756	1	3	0.00403271583617477	-12.0302970362707	0	0.00110182253967498	-157.95132024945	0	0.00538326188769087	-1.95633372319839	0.0439962096894952	458612.328834842	0.002	0	0.05	0.006	-5	0.02	0.002	-30	0.01	full	rep100
1978	1	3	0.000237593446088054	4842.71415790392	0	0.00581924306594311	-2.62068991521771	0	0.00365277930079965	-17.7017283366425	0	458610.688573296	0.002	0	0.05	0.006	-5	0.02	0.002	-30	0.01	reduced	rep100
