run	imp	exit_code	theta_1	gamma_1	e_1	theta_2	gamma_2	e_2	theta_3	gamma_3	e_3	lnL	sim_theta_1	sim_gamma_1	sim_e_1	sim_theta_2	sim_gamma_2	sim_e_2	sim_theta_3	sim_gamma_3	sim_e_3	model	rep
2798	1	3	0.00275870005707158	-26.8602394113814	0.0786560782944557	0.000375997468189522	10	0	0.00691527878692583	-3.48718049525786	0.00594563737022941	459453.207924125	0.002	0	0.05	0.006	-5	0.02	0.002	-30	0.01	full	rep1
311	1	3	0.0038357339035006	-15.3300377861545	0	0.00602191311336689	-2.2712509043341	0.040256656277308	NA	NA	NA	459446.07938322	0.002	0	0.05	0.006	-5	0.02	0.002	-30	0.01	reduced	rep1
4689	1	3	0.00437742047930432	-4.84102119172468	0	0.00271461638801055	-24.5671666850541	0.0146897486589233	0.00296085720266468	-1.02402701675963	0.0680375240719868	459413.723535667	0.002	0	0.05	0.006	-5	0.02	0.002	-30	0.01	full	rep2
264	1	3	0.00396088365301395	-16.4284369112216	0	0.00598198193124339	-2.20387171720543	0.0397149091819727	NA	NA	NA	459412.289232395	0.002	0	0.05	0.006	-5	0.02	0.002	-30	0.01	reduced	rep2
526	1	3	0.00333139199197671	-16.3859253668205	0.0718438679848605	0.000419514190017926	7.81914310497024	0	0.00614276399498133	-3.17765791844998	0	464777.666628228	0.002	0	0.05	0.006	-5	0.02	0.002	-30	0.01	full	rep3
95	1	3	0.00525624846808159	-1.88226382712191	0.0438808767203778	0.00455894683390193	-11.7570999492325	0	NA	NA	NA	464775.851142611	0.002	0	0.05	0.006	-5	0.02	0.002	-30	0.01	reduced	rep3
3147	1	3	0.00679735665831166	-5.42273529748073	0.0339945215560831	0.00170404110342663	-47.3866893186288	0	0.0016402084956434	0.934027651348406	0	458173.202691869	0.002	0	0.05	0.006	-5	0.02	0.002	-30	0.01	full	rep4
118	1	3	0.00496695869784459	-1.73428768897083	0.0480084510323009	0.00476682453108763	-11.6779186345823	0	NA	NA	NA	458164.275875395	0.002	0	0.05	0.006	-5	0.02	0.002	-30	0.01	reduced	rep4
4915	1	3	0.000275117433619293	10	0.000492987385015278	0.00683095856355341	-3.16499162320158	0.0164779712621802	0.00283805818122021	-25.7050805885445	0.05302666677599	456118.906564186	0.002	0	0.05	0.006	-5	0.02	0.002	-30	0.01	full	rep5
277	1	3	0.00635664115159043	-2.37875721393724	0.0403356951544322	0.00346185289168159	-17.7995081496497	0	NA	NA	NA	456115.347006262	0.002	0	0.05	0.006	-5	0.02	0.002	-30	0.01	reduced	rep5
2840	1	3	0.00293239402035139	-23.4638846743353	0.0801633686890598	0.000400490028963488	10	0.00584328001775743	0.0067531720118141	-3.40452194025607	1.45310165090251e-05	465596.202600164	0.002	0	0.05	0.006	-5	0.02	0.002	-30	0.01	full	rep6
186	1	3	0.00414100956534092	-13.9805933504214	0	0.00577976750127811	-2.10716705141837	0.0390771550223578	NA	NA	NA	465591.037507853	0.002	0	0.05	0.006	-5	0.02	0.002	-30	0.01	reduced	rep6
3481	1	3	0.00656714199194032	-3.24835200269027	0.00762393468341394	0.00322064597731792	-23.9789419311017	0.0653326694163266	0.000346276128779254	10	0.00150157635696472	460248.493991571	0.002	0	0.05	0.006	-5	0.02	0.002	-30	0.01	full	rep7
116	1	3	0.00597793215244956	-2.23290416451959	0.0415276788076946	0.00401465241453314	-16.3799954093097	0	NA	NA	NA	460244.349869319	0.002	0	0.05	0.006	-5	0.02	0.002	-30	0.01	reduced	rep7
2205	1	3	0.00438629154154304	-1.47395530853066	0.0385188950029452	0.00127481311235245	-160.36564672666	0	0.00488999406851408	-9.18335889543872	0.0163811583171184	459762.318273157	0.002	0	0.05	0.006	-5	0.02	0.002	-30	0.01	full	rep8
409	1	3	0.00555524798380074	-2.03873764168899	0.0442338077385027	0.0042472276071428	-13.2635151637194	0	NA	NA	NA	459758.430422577	0.002	0	0.05	0.006	-5	0.02	0.002	-30	0.01	reduced	rep8
1729	1	3	0.00660562095086005	-2.74659350851131	0.0254494393513991	0.000151853825370992	10	0.000658635564538446	0.00313656716748058	-19.9263992842502	0.0188722118062814	461452.569025056	0.002	0	0.05	0.006	-5	0.02	0.002	-30	0.01	full	rep9
238	1	3	0.00624927173269245	-2.28102182935444	0.0374715063392035	0.00359308916347502	-16.3860887811536	0	NA	NA	NA	461451.205985789	0.002	0	0.05	0.006	-5	0.02	0.002	-30	0.01	reduced	rep9
3115	1	3	0.00558452196599747	-4.81900721446129	0	0.00221777505235811	-0.367835501175858	0.10000686843562	0.00224432532693444	-27.8581149209416	0	462611.473873907	0.002	0	0.05	0.006	-5	0.02	0.002	-30	0.01	full	rep10
413	1	3	0.00544089037246737	-1.91046227276827	0.042917654219852	0.00441130271256992	-13.1930338655884	0	NA	NA	NA	462606.532141864	0.002	0	0.05	0.006	-5	0.02	0.002	-30	0.01	reduced	rep10
4200	1	3	0.00499308048422622	-7.50653575306945	0	0.00388967640466456	-1.25542307848851	0.0600283449944039	0.00115433708470157	-57.4157901518417	0	460283.981612721	0.002	0	0.05	0.006	-5	0.02	0.002	-30	0.01	full	rep11
462	1	3	0.00459604806798641	-11.4339967815753	0	0.00510063840343053	-1.7825223742157	0.0469948387105444	NA	NA	NA	460279.839681862	0.002	0	0.05	0.006	-5	0.02	0.002	-30	0.01	reduced	rep11
3156	1	3	0.000603593021825566	4.45419940949966	0.346283179770973	0.00210921855162383	-36.6316368287225	0	0.0074208287070926	-4.04368245182582	0	463532.112295247	0.002	0	0.05	0.006	-5	0.02	0.002	-30	0.01	full	rep12
496	1	3	0.0048842623175355	-10.6660113457948	0	0.00484849878312353	-1.66501446075457	0.0481906170664568	NA	NA	NA	463514.604601344	0.002	0	0.05	0.006	-5	0.02	0.002	-30	0.01	reduced	rep12
2509	1	3	0.0021632064829789	-28.4483755351541	0.0388694910251074	0.00151777394151306	0.980633015853999	0.00344628004709659	0.00635055828093697	-4.7607441972007	0.0278742079752394	461791.161052391	0.002	0	0.05	0.006	-5	0.02	0.002	-30	0.01	full	rep13
236	1	3	0.00561272321672966	-1.99988911114766	0.0441543088141299	0.0042250571983411	-13.6571611410826	0	NA	NA	NA	461787.35794278	0.002	0	0.05	0.006	-5	0.02	0.002	-30	0.01	reduced	rep13
2964	1	3	0.0050366796354335	-7.57024668017258	0	0.00392404279179314	-1.32748487479574	0.0574617490266266	0.00124660730727079	-68.4505453364996	0.0152655327086518	462013.976849038	0.002	0	0.05	0.006	-5	0.02	0.002	-30	0.01	full	rep14
268	1	3	0.0044302191401632	-12.1183196151261	0	0.00535282631129405	-1.95116234519258	0.0449574347485875	NA	NA	NA	462009.419503216	0.002	0	0.05	0.006	-5	0.02	0.002	-30	0.01	reduced	rep14
431	1	3	0.000312524732831863	6.15080261719784	0.0100693405904272	0.00623095508237678	-2.96269904293761	0.024829143772008	0.00315992329190968	-16.4479170894295	0.0243746103005106	456677.235342945	0.002	0	0.05	0.006	-5	0.02	0.002	-30	0.01	full	rep15
63	1	3	0.00535421309591112	-1.92857270908227	0.0448682198297269	0.00428510614444176	-12.1144080951089	0	NA	NA	NA	456675.368185798	0.002	0	0.05	0.006	-5	0.02	0.002	-30	0.01	reduced	rep15
1731	1	3	0.00649625628797749	-4.9660491430496	0.0218300276936715	0.00169111124947022	0.359932027465711	0.0539133066353941	0.00199706991547718	-39.1144697660581	0	460925.039932172	0.002	0	0.05	0.006	-5	0.02	0.002	-30	0.01	full	rep16
158	1	3	0.00425714755691689	-13.5866030494216	0	0.00559984016995787	-2.06381644544884	0.0435516562671511	NA	NA	NA	460916.598834776	0.002	0	0.05	0.006	-5	0.02	0.002	-30	0.01	reduced	rep16
675	1	3	0.0026741298241141	-22.9114534346448	0.0631030722687164	0.000543214570066225	4.7607633931863	0.195474922386362	0.00677084481145647	-3.5463019860084	0	464841.64393965	0.002	0	0.05	0.006	-5	0.02	0.002	-30	0.01	full	rep17
469	1	3	0.00388498399443151	-14.2437455050403	0	0.00596328149490804	-2.1503024510552	0.0424428770720093	NA	NA	NA	464838.099901559	0.002	0	0.05	0.006	-5	0.02	0.002	-30	0.01	reduced	rep17
1831	1	3	0.00485427663096129	-7.77567398678586	0	0.00379351678358704	-1.16498809011922	0.0460944056630419	0.00139529153692902	-34.6046967116284	0.0582641959259837	460081.705669512	0.002	0	0.05	0.006	-5	0.02	0.002	-30	0.01	full	rep18
415	1	3	0.0051395751473617	-1.82878992711632	0.0377763071078561	0.00472294561368857	-12.65544420063	0.00899039199073839	NA	NA	NA	460079.360542651	0.002	0	0.05	0.006	-5	0.02	0.002	-30	0.01	reduced	rep18
3303	1	3	0.00561735368012802	-5.51813187684064	0	0.00176726480062948	-51.3842680445539	0	0.00281780998016299	-0.906006169537318	0.0805926668412183	461667.008179611	0.002	0	0.05	0.006	-5	0.02	0.002	-30	0.01	full	rep19
51	1	3	0.00593962013367669	-2.20512722841575	0.0403880619627808	0.00385489661718844	-14.0777280332866	0	NA	NA	NA	461658.668242028	0.002	0	0.05	0.006	-5	0.02	0.002	-30	0.01	reduced	rep19
1865	1	3	0.000565383847044748	4.63689320655954	0.222687628114585	0.00694924877995035	-3.75814036449711	0	0.00266698546199515	-28.8890284899392	0.0494957367554563	463082.621155836	0.002	0	0.05	0.006	-5	0.02	0.002	-30	0.01	full	rep20
98	1	3	0.0059386608635885	-2.18062840381207	0.0406493361901983	0.00402332771218867	-15.4611344760192	0	NA	NA	NA	463075.402774581	0.002	0	0.05	0.006	-5	0.02	0.002	-30	0.01	reduced	rep20
1183	1	3	0.00203787618485113	-46.6523373036813	0	0.00259445174804037	-0.785374968218518	0.0914666207898485	0.00562165979446406	-5.20385675704883	0	460320.60118784	0.002	0	0.05	0.006	-5	0.02	0.002	-30	0.01	full	rep21
92	1	3	0.00609229040333802	-2.25621963440054	0.0413797637294948	0.00378680008973483	-15.9230033135776	0	NA	NA	NA	460311.4860185	0.002	0	0.05	0.006	-5	0.02	0.002	-30	0.01	reduced	rep21
2063	1	3	0.006302991098263	-2.81935967358874	0.0224751167223989	0.000207836099891443	10	0	0.003441242514826	-19.5953041693775	0.0277271012614851	457365.710640412	0.002	0	0.05	0.006	-5	0.02	0.002	-30	0.01	full	rep22
358	1	3	0.00400096035150031	-15.8639836858653	0	0.00589294258579953	-2.19051584585543	0.0412201239551582	NA	NA	NA	457363.712759165	0.002	0	0.05	0.006	-5	0.02	0.002	-30	0.01	reduced	rep22
1510	1	3	0.00210350204217289	-26.9376917055131	0	0.00556750976467936	-5.28596686407606	0.0443250892051897	0.0023534043547077	-0.206555797384182	0	463079.600967261	0.002	0	0.05	0.006	-5	0.02	0.002	-30	0.01	full	rep23
356	1	3	0.00584246382356681	-2.11014633228628	0.0423925320967822	0.00405008592344758	-14.574864810026	0	NA	NA	NA	463076.998716641	0.002	0	0.05	0.006	-5	0.02	0.002	-30	0.01	reduced	rep23
3207	1	3	0.00416943964392553	-9.50072475253985	0.0135341466249532	0.00489861856434868	-1.69375909786303	0.0396827099296278	0.000888017212463806	-56.5081536488732	0	460080.530894376	0.002	0	0.05	0.006	-5	0.02	0.002	-30	0.01	full	rep24
50	1	3	0.00581491487752869	-2.09478582895617	0.0427131904960136	0.00392474267878458	-13.8183885769209	0	NA	NA	NA	460079.217138848	0.002	0	0.05	0.006	-5	0.02	0.002	-30	0.01	reduced	rep24
3082	1	3	0.00571769530595969	-3.57766686861072	0	0.00147925708959272	-0.494297217409594	0.163383563377004	0.00271247025836985	-21.175715477967	0	462138.117541121	0.002	0	0.05	0.006	-5	0.02	0.002	-30	0.01	full	rep25
307	1	3	0.00608828856783991	-2.23956873521836	0.0411724270198142	0.00374187682779965	-14.9982109660397	0	NA	NA	NA	462136.323590581	0.002	0	0.05	0.006	-5	0.02	0.002	-30	0.01	reduced	rep25
1224	1	3	0.00188632561094731	-35.1117157256265	0	0.00372487146918955	-1.31383770656243	0.0653809947227004	0.00447825188754832	-6.11086674260179	0	462716.426705736	0.002	0	0.05	0.006	-5	0.02	0.002	-30	0.01	full	rep26
233	1	3	0.00395991127207693	-14.6282189872482	0	0.00590386734464021	-2.13451646784594	0.0428628914867386	NA	NA	NA	462711.979966513	0.002	0	0.05	0.006	-5	0.02	0.002	-30	0.01	reduced	rep26
4741	1	3	0.000382092501353172	7.3562176630834	0.0491215535074333	0.00300838532200267	-22.4084892930585	0.0381124479712161	0.00665626973050768	-3.29562059206639	0.0171344530193955	462616.254685051	0.002	0	0.05	0.006	-5	0.02	0.002	-30	0.01	full	rep27
82	1	3	0.00427778191331508	-13.925129731926	0	0.00562285641686475	-2.02075108912361	0.0445813470079607	NA	NA	NA	462611.263571972	0.002	0	0.05	0.006	-5	0.02	0.002	-30	0.01	reduced	rep27
1725	1	3	0.00226533293638421	-250	0	0.00396862742489066	-1.29484354784827	0.0575248394759935	0.00521048582725951	-8.02136804728893	0	462833.01603743	0.002	0	0.05	0.006	-5	0.02	0.002	-30	0.01	full	rep28
258	1	3	0.00466511374460317	-11.824566249999	0	0.00514214052824488	-1.8187587351839	0.0457375435157836	NA	NA	NA	462822.380755187	0.002	0	0.05	0.006	-5	0.02	0.002	-30	0.01	reduced	rep28
2135	1	3	0.00743538831443921	-4.07387151562696	0	0.00231746731059365	-44.0096704322636	0.0463950852870506	0.000625522759528519	4.26800923934418	0.26319522471543	465006.589289194	0.002	0	0.05	0.006	-5	0.02	0.002	-30	0.01	full	rep29
496	1	3	0.00593885886094248	-2.18271323079166	0.0427483263041762	0.0039869543559732	-14.5663151724261	0	NA	NA	NA	464994.158465146	0.002	0	0.05	0.006	-5	0.02	0.002	-30	0.01	reduced	rep29
4819	1	3	0.00485565033566635	-9.23826244572497	0	0.00080728574856647	-113.589465580617	0.0238415779732861	0.00451389685804609	-1.52266450460532	0.0493137921860601	463327.184537893	0.002	0	0.05	0.006	-5	0.02	0.002	-30	0.01	full	rep30
196	1	3	0.0051146854534614	-1.79140539806839	0.0452940642900467	0.00465052672979189	-11.4472936224678	0	NA	NA	NA	463325.191523783	0.002	0	0.05	0.006	-5	0.02	0.002	-30	0.01	reduced	rep30
2123	1	3	0.00600180568724998	-4.44937790400069	0.0371594096005416	0.00243753986417834	-25.3699139280337	0	0.00158042440467811	0.553472562271463	0.00877445911841803	461711.812677526	0.002	0	0.05	0.006	-5	0.02	0.002	-30	0.01	full	rep31
164	1	3	0.00564023376698354	-1.99220241912843	0.0433067828953004	0.00423331126612581	-14.1902509716921	0	NA	NA	NA	461708.328638544	0.002	0	0.05	0.006	-5	0.02	0.002	-30	0.01	reduced	rep31
1987	1	3	0.00388971925570158	-6.98294248262191	0	0.00197216685475087	-31.898919246166	0	0.00426824649042197	-1.56554446364989	0.0577654505517799	461531.221288581	0.002	0	0.05	0.006	-5	0.02	0.002	-30	0.01	full	rep32
314	1	3	0.00581195327062791	-2.14029707716869	0.0437277728580852	0.00413916179858603	-15.0559651819212	0	NA	NA	NA	461528.411460782	0.002	0	0.05	0.006	-5	0.02	0.002	-30	0.01	reduced	rep32
1930	1	3	0.000222088338940755	10	0.00885784777358696	0.00635581467727768	-2.82745404229925	0.0227157799303605	0.00326458838555952	-17.89447058448	0.0276252517485009	460217.812150902	0.002	0	0.05	0.006	-5	0.02	0.002	-30	0.01	full	rep33
285	1	3	0.00406315266128738	-13.6276923325893	0	0.00571277569373726	-2.07263225623139	0.0430759352547265	NA	NA	NA	460215.593414966	0.002	0	0.05	0.006	-5	0.02	0.002	-30	0.01	reduced	rep33
3127	1	3	0.0040509620705165	-1.28817290216887	0.0417293031498593	0.00511194082633444	-8.12219136734125	0.0119865768547908	0.000944574065331553	-101.754984114869	0	460938.34329329	0.002	0	0.05	0.006	-5	0.02	0.002	-30	0.01	full	rep34
30	1	3	0.00524116573995058	-1.86169956171849	0.0438716988320651	0.00441749792261689	-11.3519227890938	0	NA	NA	NA	460935.485782018	0.002	0	0.05	0.006	-5	0.02	0.002	-30	0.01	reduced	rep34
2850	1	3	0.00510079764739037	-1.79379144443807	0.043353999118856	0.00128954281098427	-27.6929624884658	0	0.00357947414572513	-9.65601121660899	0	464160.325804529	0.002	0	0.05	0.006	-5	0.02	0.002	-30	0.01	full	rep35
196	1	3	0.004289461965545	-13.6459560997099	0	0.00559600280668851	-1.98139383527875	0.0400183866537456	NA	NA	NA	464159.718012439	0.002	0	0.05	0.006	-5	0.02	0.002	-30	0.01	reduced	rep35
329	1	3	0.002489719440839	-0.388361720553858	0.085497891613103	0.00167616032753872	-49.3375818465623	0	0.0059987718320131	-5.542661785272	0	463906.8731383	0.002	0	0.05	0.006	-5	0.02	0.002	-30	0.01	full	rep36
428	1	3	0.00456213249911426	-11.5693254179669	0	0.00517327561567109	-1.75857941493388	0.0434250934184911	NA	NA	NA	463897.543802931	0.002	0	0.05	0.006	-5	0.02	0.002	-30	0.01	reduced	rep36
2258	1	3	0.000719577986734414	2.07082629947785	0.301361313432202	0.00298124294439871	-24.7726928264795	0	0.00642223182645388	-3.45699136046406	0	462599.536103832	0.002	0	0.05	0.006	-5	0.02	0.002	-30	0.01	full	rep37
489	1	3	0.00561967912917564	-1.9198491796362	0.0415515775498213	0.00434933459080688	-15.1959694943853	0	NA	NA	NA	462593.608908524	0.002	0	0.05	0.006	-5	0.02	0.002	-30	0.01	reduced	rep37
603	1	3	0.00201023578393476	-26.2002589765112	0	0.00347023865698318	-0.920327571331147	0.0138536439601114	0.00458349347745139	-6.50497978636014	0.0449240093908391	464766.90328075	0.002	0	0.05	0.006	-5	0.02	0.002	-30	0.01	full	rep38
215	1	3	0.00412584944518423	-14.8553003363126	0.00148546966746391	0.00583017931648212	-2.08163929888715	0.0417758996496523	NA	NA	NA	464766.006709882	0.002	0	0.05	0.006	-5	0.02	0.002	-30	0.01	reduced	rep38
402	1	3	0.00190193795329183	-26.7151772153654	0	0.0017236220454728	0.360563146398458	0	0.00630277162289176	-4.89322451697844	0.038078806569302	461956.491103147	0.002	0	0.05	0.006	-5	0.02	0.002	-30	0.01	full	rep39
307	1	3	0.00420760809877781	-12.5425483303538	0	0.0055650534551123	-2.05400281339207	0.0438587733080808	NA	NA	NA	461953.846013819	0.002	0	0.05	0.006	-5	0.02	0.002	-30	0.01	reduced	rep39
1780	1	3	0.00546738271670694	-6.93279191637707	0	0.0033000415117176	-0.957453664727407	0.0627214383475775	0.00137668048780434	-69.0837418502436	0.042818125986386	455389.640001147	0.002	0	0.05	0.006	-5	0.02	0.002	-30	0.01	full	rep40
236	1	3	0.00439847406396065	-12.1518588201266	0	0.00526872328565763	-1.93612312678377	0.0457263955872358	NA	NA	NA	455383.763261179	0.002	0	0.05	0.006	-5	0.02	0.002	-30	0.01	reduced	rep40
3147	1	3	0.00652109806639777	-5.20417838739481	0.0339940489918003	0.00169438165434375	-43.8237914418177	0	0.00187558764229705	0.368450531803192	0	462902.771847048	0.002	0	0.05	0.006	-5	0.02	0.002	-30	0.01	full	rep41
243	1	3	0.00408673029093024	-12.9570749568141	0	0.00566293554653407	-2.0189408601824	0.0401931948400766	NA	NA	NA	462895.324865749	0.002	0	0.05	0.006	-5	0.02	0.002	-30	0.01	reduced	rep41
3147	1	3	0.00590274578094124	-2.95106227562966	0.0367074139765776	0.00352167032491057	-13.6667230580991	0	0.000385910088748913	3.61688545200991	0	464210.223089993	0.002	0	0.05	0.006	-5	0.02	0.002	-30	0.01	full	rep42
497	1	3	0.0046767963332526	-1.64378466066059	0.0482822704832214	0.00507966765429391	-10.1989141663863	0	NA	NA	NA	464208.798528083	0.002	0	0.05	0.006	-5	0.02	0.002	-30	0.01	reduced	rep42
3447	1	3	0.00389360960177211	-11.6565305531659	0.000828877210268035	0.00560522217016089	-2.0704338997466	0.0421683843362171	0.000447775091858824	-161.85355039092	0	460079.315195872	0.002	0	0.05	0.006	-5	0.02	0.002	-30	0.01	full	rep43
231	1	3	0.00387157564469611	-13.001943337212	0	0.00581277524708362	-2.14923617258013	0.0413506448929885	NA	NA	NA	460078.856761365	0.002	0	0.05	0.006	-5	0.02	0.002	-30	0.01	reduced	rep43
1523	1	3	0.00170958589834624	-152.426704472085	0.0358573226093907	0.00407523045054579	-1.35013416476462	0.0529374191848484	0.00502721125706414	-7.99775087798337	0	462655.248523793	0.002	0	0.05	0.006	-5	0.02	0.002	-30	0.01	full	rep44
208	1	3	0.00425283839380626	-13.0405513955659	0	0.00556758742189693	-2.01674223595495	0.0428683610419585	NA	NA	NA	462647.663862221	0.002	0	0.05	0.006	-5	0.02	0.002	-30	0.01	reduced	rep44
62	1	3	0.0016245775342621	-50.314718063093	0	0.00464778340307985	-1.61184616023403	0.0462977066326497	0.00387874002001569	-8.25385967565221	0.00608364413329953	457190.286927219	0.002	0	0.05	0.006	-5	0.02	0.002	-30	0.01	full	rep45
116	1	3	0.00592106381859305	-2.12290831759555	0.0411662662806108	0.00390830600346185	-16.0152217434584	0	NA	NA	NA	457185.79008514	0.002	0	0.05	0.006	-5	0.02	0.002	-30	0.01	reduced	rep45
2048	1	3	0.00673712352986854	-3.99557746207697	0.0283312842428267	0.000815432731667132	2.34439032246293	0.0042507229962194	0.00231765582508869	-22.9041891534039	0.0139555921034794	459835.576110737	0.002	0	0.05	0.006	-5	0.02	0.002	-30	0.01	full	rep46
473	1	3	0.00524723485082741	-1.90073221020308	0.0441534796043129	0.00447188455670328	-11.8158743211199	0	NA	NA	NA	459830.761912421	0.002	0	0.05	0.006	-5	0.02	0.002	-30	0.01	reduced	rep46
878	1	3	0.0041964793358296	-1.367577438525	0.0520601826561394	0.00507057178786547	-8.59023878049041	0	0.00202749618989697	-250	0.013709007803941	463769.662639839	0.002	0	0.05	0.006	-5	0.02	0.002	-30	0.01	full	rep47
271	1	3	0.0052297046263853	-1.83525334441615	0.0438543007363566	0.00461472642936601	-12.2601999419812	0	NA	NA	NA	463762.075314708	0.002	0	0.05	0.006	-5	0.02	0.002	-30	0.01	reduced	rep47
3310	1	3	0.00383456219563832	-1.13164066285563	0.0465143258420328	0.00493390008224532	-7.67102715566361	0	0.00104738635041019	-35.1518319888546	0.0970438158997414	459034.719571495	0.002	0	0.05	0.006	-5	0.02	0.002	-30	0.01	full	rep48
415	1	3	0.00489657356427227	-10.8449566604868	0.022420144692093	0.00475591052903063	-1.56120209300454	0.0311378440901272	NA	NA	NA	459032.60920597	0.002	0	0.05	0.006	-5	0.02	0.002	-30	0.01	reduced	rep48
2550	1	3	0.00676999244683728	-4.7548024054512	0	0.00131371538409867	1.16776500496786	0.117875586981657	0.00178917038081245	-25.3996281199114	0.0535624175933122	461841.750271917	0.002	0	0.05	0.006	-5	0.02	0.002	-30	0.01	full	rep49
38	1	3	0.00486236394305227	-10.387204604806	0	0.00483623395013398	-1.73914804402715	0.048651139167586	NA	NA	NA	461838.141266578	0.002	0	0.05	0.006	-5	0.02	0.002	-30	0.01	reduced	rep49
2440	1	3	0.00224706606418139	-23.7118758390667	0	0.00525185344700285	-4.87736624740208	0	0.00244905348187441	-0.643127694087312	0.0931238998746947	462046.819295872	0.002	0	0.05	0.006	-5	0.02	0.002	-30	0.01	full	rep50
437	1	3	0.00442678413952786	-12.5274206607517	0	0.00538207527388236	-1.93375558951216	0.0441242665908542	NA	NA	NA	462043.711213744	0.002	0	0.05	0.006	-5	0.02	0.002	-30	0.01	reduced	rep50
2054	1	3	0.00313344295503251	-17.3355660422276	0	0.00643166241451459	-2.94434347270793	0.0172000875911705	0.000261218477334646	5.38520471209558	0.5	460339.922238747	0.002	0	0.05	0.006	-5	0.02	0.002	-30	0.01	full	rep51
458	1	3	0.00577311974064363	-2.1461539962211	0.0437069578478018	0.00399894279476507	-13.447525959683	0	NA	NA	NA	460338.234616644	0.002	0	0.05	0.006	-5	0.02	0.002	-30	0.01	reduced	rep51
4481	1	3	0.00606099385588801	-2.89263576628015	0.00370200738911474	0.00358286484459633	-17.685762923069	0.0605617252700197	0.000313614326913237	10	0	462248.400379996	0.002	0	0.05	0.006	-5	0.02	0.002	-30	0.01	full	rep52
216	1	3	0.00423942204573008	-13.9712924410497	0	0.00564838228224895	-2.04682357231998	0.0412670607791422	NA	NA	NA	462247.299932509	0.002	0	0.05	0.006	-5	0.02	0.002	-30	0.01	reduced	rep52
1829	1	3	0.00262569235841673	-0.212476119110652	0	0.00153489020198758	-50.8191823319652	0.0158997880636689	0.00593593342684917	-6.32488995867266	0.0381745069763468	457885.701378876	0.002	0	0.05	0.006	-5	0.02	0.002	-30	0.01	full	rep53
278	1	3	0.00555344042700983	-1.97926867553311	0.0408836571588013	0.00418014407751353	-13.4649320024958	0.00293901680400521	NA	NA	NA	457879.119199053	0.002	0	0.05	0.006	-5	0.02	0.002	-30	0.01	reduced	rep53
2736	1	3	0.00198526703857507	-27.98529839397	0.0309776186580664	0.00265290384530257	-0.585968118740038	0.0726025184187469	0.00540427007821498	-5.52138076310274	0	463305.856858354	0.002	0	0.05	0.006	-5	0.02	0.002	-30	0.01	full	rep54
175	1	3	0.0043332035448047	-13.0940841666018	0	0.00553546571653856	-2.0145067797084	0.0439815245624055	NA	NA	NA	463303.231831477	0.002	0	0.05	0.006	-5	0.02	0.002	-30	0.01	reduced	rep54
2247	1	3	0.00437461296603816	-7.04207574907306	0	0.00168814790356307	-44.5543723171421	0	0.0040281655715965	-1.33337436612169	0.0527935528929513	458931.391000428	0.002	0	0.05	0.006	-5	0.02	0.002	-30	0.01	full	rep55
474	1	3	0.00409677277310309	-14.450808631183	0	0.0056893737266198	-2.00252978686782	0.0388570923903049	NA	NA	NA	458926.447497763	0.002	0	0.05	0.006	-5	0.02	0.002	-30	0.01	reduced	rep55
1363	1	3	0.00167981000592955	-70.6294162287363	0.0252693753138375	0.00688270420538172	-5.42488841818757	0.0318074076881615	0.00173256261458434	0.629284965960397	0	459117.666476573	0.002	0	0.05	0.006	-5	0.02	0.002	-30	0.01	full	rep56
450	1	3	0.0041378447537765	-12.414649890306	0	0.00555167702497211	-2.05204507634815	0.0439004705047367	NA	NA	NA	459107.219166143	0.002	0	0.05	0.006	-5	0.02	0.002	-30	0.01	reduced	rep56
2577	1	3	0.00630633163046556	-4.5118435828914	0.0375423966144356	0.00208959222028857	-24.1263056325137	0	0.00148536932299232	0.68154291123807	0	462064.159267517	0.002	0	0.05	0.006	-5	0.02	0.002	-30	0.01	full	rep57
195	1	3	0.00424796646013378	-12.3779448536868	0	0.00549561700151337	-1.97068948783064	0.0441576409632422	NA	NA	NA	462061.643370005	0.002	0	0.05	0.006	-5	0.02	0.002	-30	0.01	reduced	rep57
3267	1	3	0.00225252415608665	-24.4658674829123	0.0425136918474522	0.0066131440675096	-4.39826429152528	0.0188309089493504	0.00104883754426065	2.1548631504205	0.0226007105103593	459173.330463818	0.002	0	0.05	0.006	-5	0.02	0.002	-30	0.01	full	rep58
420	1	3	0.00473111597860103	-11.6235595000536	0	0.00500268230122655	-1.74815238835296	0.046286884012728	NA	NA	NA	459169.436585527	0.002	0	0.05	0.006	-5	0.02	0.002	-30	0.01	reduced	rep58
1002	1	3	0.000552800286654612	6.02194059881391	0	0.00223049450335948	-28.0279598221553	0.0780781354295368	0.00717194254630176	-3.92221385505523	0.0124099825897718	461078.703505846	0.002	0	0.05	0.006	-5	0.02	0.002	-30	0.01	full	rep59
209	1	3	0.0045284916781774	-11.2051364346862	0	0.005164221821603	-1.86232382626808	0.0470950435282315	NA	NA	NA	461069.786873307	0.002	0	0.05	0.006	-5	0.02	0.002	-30	0.01	reduced	rep59
3075	1	3	0.00133106098499562	-54.8410615222603	0.0345645887436508	0.00655516004271225	-6.04483377519788	0.029891229819387	0.0021749259083046	0.330836153112228	0.00406549185312816	460895.718523353	0.002	0	0.05	0.006	-5	0.02	0.002	-30	0.01	full	rep60
357	1	3	0.00457527095676665	-11.4240440070217	0	0.00511093989461646	-1.76281755029779	0.0450345907568026	NA	NA	NA	460890.661076715	0.002	0	0.05	0.006	-5	0.02	0.002	-30	0.01	reduced	rep60
3153	1	3	0.000915913544748131	1.53545392731469	0	0.00674474202192098	-3.99028818964095	0.0357745609309145	0.00231738424886606	-25.6505544633066	1.42866254853047e-07	461754.216157751	0.002	0	0.05	0.006	-5	0.02	0.002	-30	0.01	full	rep61
54	1	3	0.00401470520584874	-13.7478421545731	0	0.00580840871751872	-2.15404963596677	0.0434117815333859	NA	NA	NA	461750.113310842	0.002	0	0.05	0.006	-5	0.02	0.002	-30	0.01	reduced	rep61
2207	1	3	0.00697240653499039	-3.38743128630966	0.0120291604799964	0.00251100179666792	-22.9854788375149	0	0.00039745465444029	5.21783633782244	0.335144889880162	462283.744049984	0.002	0	0.05	0.006	-5	0.02	0.002	-30	0.01	full	rep62
224	1	3	0.00413274127940485	-12.5678004535354	0	0.00559399153132716	-2.00319224009665	0.0422803304280505	NA	NA	NA	462277.917758793	0.002	0	0.05	0.006	-5	0.02	0.002	-30	0.01	reduced	rep62
3298	1	3	0.00658127122920122	-2.93003914977967	0.0273772682851168	0.00313289591702122	-19.0610222581298	0.00690115755148786	0.000208147836670728	9.02318461249252	0.0924852936521525	462080.549194875	0.002	0	0.05	0.006	-5	0.02	0.002	-30	0.01	full	rep63
483	1	3	0.00411854381463295	-13.682758442362	0	0.00572254583187068	-2.1032312389481	0.0418861244500268	NA	NA	NA	462076.481154778	0.002	0	0.05	0.006	-5	0.02	0.002	-30	0.01	reduced	rep63
2434	1	3	0.00186511947634626	-37.8254636997601	0	0.00583314169835423	-5.18733385738393	0	0.00238779952233368	-0.407845508115937	0.0965913950135746	463131.776950322	0.002	0	0.05	0.006	-5	0.02	0.002	-30	0.01	full	rep64
161	1	3	0.0043224946536067	-12.6777223070324	0	0.00545875208323935	-1.89419363028656	0.0446046340816431	NA	NA	NA	463124.412528252	0.002	0	0.05	0.006	-5	0.02	0.002	-30	0.01	reduced	rep64
1955	1	3	0.00470173014900062	-1.75679905958287	0.0478802499380753	0.00448193796173137	-8.97063046096165	0	0.000855308912531762	-72.5883333550772	0	460378.286231196	0.002	0	0.05	0.006	-5	0.02	0.002	-30	0.01	full	rep65
306	1	3	0.00431887628267752	-12.004844069581	0	0.00541702801406077	-2.03545494753106	0.0422610969436087	NA	NA	NA	460376.089678742	0.002	0	0.05	0.006	-5	0.02	0.002	-30	0.01	reduced	rep65
4209	1	3	0.00427462319319928	-11.6914550999747	0	0.00533199061355161	-1.88214093243623	0.0438904345962595	0.000446394163596326	-248.753043560756	0.0588771357702648	461281.176962969	0.002	0	0.05	0.006	-5	0.02	0.002	-30	0.01	full	rep66
306	1	3	0.004218560430431	-12.6751405898661	0	0.00552152989913875	-1.96504029361664	0.0433447691849497	NA	NA	NA	461280.81891645	0.002	0	0.05	0.006	-5	0.02	0.002	-30	0.01	reduced	rep66
1952	1	3	0.00153966465469239	-41.7719684960849	0	0.00595524312930543	-6.23033877047534	0.0413361665996005	0.00257966335568833	-0.314497547377482	0	459076.060397633	0.002	0	0.05	0.006	-5	0.02	0.002	-30	0.01	full	rep67
32	1	3	0.00414884150108537	-13.6454786999068	0	0.00566001685459239	-2.11242436580534	0.0430044989052318	NA	NA	NA	459071.222765637	0.002	0	0.05	0.006	-5	0.02	0.002	-30	0.01	reduced	rep67
4904	1	3	0.00585008538547181	-5.2523613440968	0.0404691944696182	0.00211545201558451	-0.0250143827507512	0	0.00206604485963401	-26.9328066480559	0	462012.639842761	0.002	0	0.05	0.006	-5	0.02	0.002	-30	0.01	full	rep68
148	1	3	0.00563709889535034	-2.08252582924821	0.0423321505365521	0.00424794829135137	-13.704266053802	0	NA	NA	NA	462010.206620103	0.002	0	0.05	0.006	-5	0.02	0.002	-30	0.01	reduced	rep68
1464	1	3	0.00447348541430478	-11.9765269094599	0	0.000489257575114973	-153.845197337537	0.0746077033238914	0.00521170635130563	-1.82295141806304	0.0431113278491543	463283.954243587	0.002	0	0.05	0.006	-5	0.02	0.002	-30	0.01	full	rep69
39	1	3	0.00440462316342174	-13.4615598203237	0	0.00549367154172728	-1.95421791246673	0.0427610245073939	NA	NA	NA	463283.37381288	0.002	0	0.05	0.006	-5	0.02	0.002	-30	0.01	reduced	rep69
4152	1	3	0.00704492209573148	-3.95167807016202	0.0241322256182139	0.000702548947716014	2.96576188903259	0	0.00220148213683362	-29.1751326458612	0.043176595783981	459275.20771294	0.002	0	0.05	0.006	-5	0.02	0.002	-30	0.01	full	rep70
124	1	3	0.00384214261822636	-13.7994347189241	0	0.00589046979088983	-2.19011487354934	0.0426340507651889	NA	NA	NA	459269.994909301	0.002	0	0.05	0.006	-5	0.02	0.002	-30	0.01	reduced	rep70
4048	1	3	0.00153087820079161	-36.2477046529467	0.0305483113535244	0.0017673593101535	0.395576570388799	0.0927868724685092	0.0066429635290721	-5.24983476738644	0.00463522231751605	460038.419279252	0.002	0	0.05	0.006	-5	0.02	0.002	-30	0.01	full	rep71
87	1	3	0.00487061297806496	-10.4266906991363	0	0.00479310982330806	-1.69855597687417	0.0487883752458308	NA	NA	NA	460033.177228361	0.002	0	0.05	0.006	-5	0.02	0.002	-30	0.01	reduced	rep71
1492	1	3	0.0070366530982828	-4.33304544581345	0	0.00224596337108362	-31.0289831685985	0.0727933255503318	0.000886072180528014	2.58479885937746	0.128357282083824	464301.164398811	0.002	0	0.05	0.006	-5	0.02	0.002	-30	0.01	full	rep72
81	1	3	0.00431316802938923	-13.1367412113137	0.00200019303790799	0.00558629255562996	-2.07119189231064	0.0417684264011669	NA	NA	NA	464293.195531386	0.002	0	0.05	0.006	-5	0.02	0.002	-30	0.01	reduced	rep72
3188	1	3	0.00354825493428897	-1.11668475040881	0.0655540078591464	0.00144279522757648	-64.72913427702	0	0.00523255645400575	-6.8956405525955	0	460978.223956527	0.002	0	0.05	0.006	-5	0.02	0.002	-30	0.01	full	rep73
407	1	3	0.00528137394234855	-1.88098213641461	0.0457187307839867	0.00447142455572717	-12.0778562613471	0	NA	NA	NA	460971.267341332	0.002	0	0.05	0.006	-5	0.02	0.002	-30	0.01	reduced	rep73
1232	1	3	0.00684104877316566	-3.88609913169366	0.020620815225521	0.000632811591223998	3.80922946082064	0	0.00249280988497899	-23.2921036447119	0.0451992819818531	460827.446098175	0.002	0	0.05	0.006	-5	0.02	0.002	-30	0.01	full	rep74
388	1	3	0.0053537984558178	-1.98445501628963	0.0455939733423211	0.00444471056450801	-12.2795077954629	0	NA	NA	NA	460823.193974335	0.002	0	0.05	0.006	-5	0.02	0.002	-30	0.01	reduced	rep74
1993	1	3	0.00690877578947906	-2.94924986242245	0.0286471066015843	0.00283361534299281	-21.3099808609633	0.00801335607933638	0.00017293567340596	10	0	463554.000984614	0.002	0	0.05	0.006	-5	0.02	0.002	-30	0.01	full	rep75
114	1	3	0.0036412391514336	-15.2015314863494	0	0.00619227203688819	-2.27608388292442	0.0387839181711553	NA	NA	NA	463549.492741596	0.002	0	0.05	0.006	-5	0.02	0.002	-30	0.01	reduced	rep75
1612	1	3	0.00372061596502229	-1.32805165288291	0.0650878982965519	0.0044677929707591	-6.14436268415751	0	0.00183580466863631	-33.9386884208238	0	460793.173332113	0.002	0	0.05	0.006	-5	0.02	0.002	-30	0.01	full	rep76
147	1	3	0.00584187900716999	-2.12961841662012	0.0430202124244444	0.00397251305623208	-14.2672114566572	0	NA	NA	NA	460789.2437572	0.002	0	0.05	0.006	-5	0.02	0.002	-30	0.01	reduced	rep76
1821	1	3	0.00548758410720245	-2.02230424695294	0.0438115818526618	0.000414234510360666	-213.568693582349	0.123473464836824	0.00428356125004684	-12.4547845080552	0	464154.445157574	0.002	0	0.05	0.006	-5	0.02	0.002	-30	0.01	full	rep77
45	1	3	0.00419504705297611	-13.6247478031457	0	0.00571882379061206	-2.12802364107358	0.0438506409868273	NA	NA	NA	464153.87285914	0.002	0	0.05	0.006	-5	0.02	0.002	-30	0.01	reduced	rep77
3273	1	3	0.00681247972116285	-4.58525010985572	0.0283983024335181	0.00203135646008192	-38.2357498536742	0.0266851649188264	0.0012528625579826	1.15032620494452	0	458881.666589798	0.002	0	0.05	0.006	-5	0.02	0.002	-30	0.01	full	rep78
246	1	3	0.00598490728497069	-2.2400916644167	0.0396606713263111	0.00381279219852453	-14.88848471731	0	NA	NA	NA	458875.105948279	0.002	0	0.05	0.006	-5	0.02	0.002	-30	0.01	reduced	rep78
1227	1	3	0.00453067236727927	-7.05436514967809	0	0.00175491428163303	-47.3907664159823	0.0381174051104648	0.00392297170648976	-1.32801298350307	0.0480789814647505	459394.560578337	0.002	0	0.05	0.006	-5	0.02	0.002	-30	0.01	full	rep79
139	1	3	0.00384328772373453	-16.17424410877	0	0.00604666977035734	-2.24039630027764	0.0384197713453437	NA	NA	NA	459390.321806408	0.002	0	0.05	0.006	-5	0.02	0.002	-30	0.01	reduced	rep79
3806	1	3	0.00516082813802458	-7.61241761024031	0.0220295495556612	0.00116125575701698	-40.0093543747924	0	0.00367604357004685	-1.10297859390057	0.0349076218378066	460841.317675574	0.002	0	0.05	0.006	-5	0.02	0.002	-30	0.01	full	rep80
473	1	3	0.00442641696360061	-12.5698708025228	0	0.00538232885925029	-1.97036778077207	0.0444905686615684	NA	NA	NA	460839.670728795	0.002	0	0.05	0.006	-5	0.02	0.002	-30	0.01	reduced	rep80
408	1	3	0.00689716245420974	-4.32358997189642	0.0328869296336236	0.00110259147748744	1.39484935203283	0	0.00208361405976798	-33.6271392309586	0	463097.737212282	0.002	0	0.05	0.006	-5	0.02	0.002	-30	0.01	full	rep81
84	1	3	0.00580850137669588	-2.10809233027007	0.0412291436642495	0.00401984217364743	-13.8440998491083	0	NA	NA	NA	463090.762372877	0.002	0	0.05	0.006	-5	0.02	0.002	-30	0.01	reduced	rep81
2648	1	3	0.00354965860427172	-1.24237449595464	0.0639647343223151	0.00193311098186504	-36.6288192985075	0	0.0046476258580936	-6.1588514675169	0	460461.926665259	0.002	0	0.05	0.006	-5	0.02	0.002	-30	0.01	full	rep82
419	1	3	0.00578207101701497	-2.12459980336938	0.0409848191614142	0.00409880554661005	-14.6748833400151	0	NA	NA	NA	460457.010115169	0.002	0	0.05	0.006	-5	0.02	0.002	-30	0.01	reduced	rep82
3019	1	3	0.00029039567517159	10	0.0264878903269749	0.00343078517838197	-18.3618309886679	0.0411255969237884	0.00621558435851928	-2.95237883542807	0.0133840838153624	460271.412128571	0.002	0	0.05	0.006	-5	0.02	0.002	-30	0.01	full	rep83
301	1	3	0.00548405903350811	-1.98969650223669	0.0433012402740247	0.00436494435081131	-13.4319706681566	0	NA	NA	NA	460268.937062528	0.002	0	0.05	0.006	-5	0.02	0.002	-30	0.01	reduced	rep83
870	1	3	0.00524671336539859	-5.24140763880125	0	0.00224321710176096	-40.8702279995389	0.0304068031162398	0.00275358523519165	-0.777758701571009	0.0733864516092485	459618.515604526	0.002	0	0.05	0.006	-5	0.02	0.002	-30	0.01	full	rep84
139	1	3	0.00632979732054438	-2.32980124797084	0.0400503710727513	0.00362365843098011	-18.4703106769072	0	NA	NA	NA	459612.561502282	0.002	0	0.05	0.006	-5	0.02	0.002	-30	0.01	reduced	rep84
3808	1	3	0.00278720984911248	-0.817390140959115	0.0836831815307019	0.00531574855400146	-5.48159066752632	0	0.00169169701399991	-28.8009600665231	0	456402.367079836	0.002	0	0.05	0.006	-5	0.02	0.002	-30	0.01	full	rep85
53	1	3	0.00436434194731286	-11.6472122347798	0	0.00525262432233729	-1.90574917728897	0.0461190973357129	NA	NA	NA	456399.038136068	0.002	0	0.05	0.006	-5	0.02	0.002	-30	0.01	reduced	rep85
3019	1	3	0.000349313835789204	10	0.0243531100812602	0.00297792312376263	-23.0126245147049	0.0580084208173451	0.00670164533100952	-3.24944201237533	0.00977061555512252	462875.152870047	0.002	0	0.05	0.006	-5	0.02	0.002	-30	0.01	full	rep86
445	1	3	0.00403898497116235	-14.5577483723237	0	0.00584818289658464	-2.12071494317858	0.0420575557414507	NA	NA	NA	462870.06221671	0.002	0	0.05	0.006	-5	0.02	0.002	-30	0.01	reduced	rep86
4502	1	3	0.00651370341876686	-4.52210038280813	0	0.00146937214157062	0.414648160876856	0.152648997278084	0.00196381593485483	-30.7449984471888	0	459412.119090806	0.002	0	0.05	0.006	-5	0.02	0.002	-30	0.01	full	rep87
394	1	3	0.00517201291500249	-1.85057069407887	0.0460127474565654	0.00452733983252766	-11.6239801140586	0	NA	NA	NA	459405.260468884	0.002	0	0.05	0.006	-5	0.02	0.002	-30	0.01	reduced	rep87
2111	1	3	0.00157057762901701	-37.8879691544657	0	0.00534147268023967	-5.71954914121054	0.00989358373770154	0.00303342830177239	-0.909162966282562	0.0587358542893015	461579.332822824	0.002	0	0.05	0.006	-5	0.02	0.002	-30	0.01	full	rep88
360	1	3	0.00574943645459948	-2.08335265046132	0.0414523908211131	0.00394690031867991	-12.8392258850394	0	NA	NA	NA	461574.871025437	0.002	0	0.05	0.006	-5	0.02	0.002	-30	0.01	reduced	rep88
2583	1	3	0.00483074675094552	-1.74413538204465	0.0514606165915677	0.00433129080087462	-9.17399591838327	0	0.00243372832024535	-250	0	462272.434707691	0.002	0	0.05	0.006	-5	0.02	0.002	-30	0.01	full	rep89
88	1	3	0.00591251301077958	-2.16735235069666	0.0433269249259078	0.00399697171449335	-15.0056972046967	0	NA	NA	NA	462262.204462964	0.002	0	0.05	0.006	-5	0.02	0.002	-30	0.01	reduced	rep89
3383	1	3	0.000106430068051311	10	0	0.00651870113902514	-2.67125830975292	0.0365546296998146	0.00324757317297077	-18.1456136498718	0	460788.437429206	0.002	0	0.05	0.006	-5	0.02	0.002	-30	0.01	full	rep90
206	1	3	0.00605730179187473	-2.23841570650642	0.0419611997495577	0.00378034202222228	-15.1760247437572	0	NA	NA	NA	460786.375792996	0.002	0	0.05	0.006	-5	0.02	0.002	-30	0.01	reduced	rep90
1507	1	3	0.000977827112233141	-61.6839127358326	0.0474430430981368	0.0039453398038084	-11.0500527218881	0	0.00529206097296957	-1.93919178123407	0.0418114758054264	462052.770257754	0.002	0	0.05	0.006	-5	0.02	0.002	-30	0.01	full	rep91
236	1	3	0.00584575030670247	-2.16617430407556	0.0390098682097741	0.00411608404961264	-15.1503051701083	0.00510661371796228	NA	NA	NA	462051.029615772	0.002	0	0.05	0.006	-5	0.02	0.002	-30	0.01	reduced	rep91
4676	1	3	0.00489583918390716	-6.96235009320872	0	0.00164776971837137	-83.4484123571172	0	0.00381583808724182	-1.2185098642469	0.0603694917777787	459708.854582228	0.002	0	0.05	0.006	-5	0.02	0.002	-30	0.01	full	rep92
117	1	3	0.00405844257838693	-13.4317575113389	0	0.00565417308258282	-1.98448495645849	0.0424960470931286	NA	NA	NA	459699.432855777	0.002	0	0.05	0.006	-5	0.02	0.002	-30	0.01	reduced	rep92
3832	1	3	0.00223236647387694	-0.213805940715442	0.0161905033209624	0.00621137881639672	-5.58258540526766	0.0352301152783485	0.00153658272884719	-37.0285999236237	0	459827.641447018	0.002	0	0.05	0.006	-5	0.02	0.002	-30	0.01	full	rep93
31	1	3	0.00403074941796215	-12.8440255868896	0	0.00571769613993855	-2.17902434732873	0.044887522076178	NA	NA	NA	459824.294297889	0.002	0	0.05	0.006	-5	0.02	0.002	-30	0.01	reduced	rep93
2378	1	3	0.0015413871246489	0.647991898155796	0	0.00204016721914808	-30.4151139408464	0	0.00641855798776862	-4.70525571208566	0.0363065988005191	460558.055269659	0.002	0	0.05	0.006	-5	0.02	0.002	-30	0.01	full	rep94
391	1	3	0.00412076002742876	-13.6109626121132	0	0.00567577474050493	-2.06234472400599	0.0423897867573989	NA	NA	NA	460553.161123223	0.002	0	0.05	0.006	-5	0.02	0.002	-30	0.01	reduced	rep94
542	1	3	0.00450052413319808	-7.8619087746953	0	0.0042174381920904	-1.39887490142889	0.0511786115924758	0.00135282735201649	-56.537572985551	0	457657.816953132	0.002	0	0.05	0.006	-5	0.02	0.002	-30	0.01	full	rep95
191	1	3	0.00426060037144631	-13.2070893789465	0	0.00545344657779349	-1.91295144940883	0.0408268390184594	NA	NA	NA	457653.154195457	0.002	0	0.05	0.006	-5	0.02	0.002	-30	0.01	reduced	rep95
503	1	3	0.000964972231888455	-93.9329469283774	0	0.00497205821601686	-1.71253753311931	0.0450198144245963	0.004306284897796	-10.4279123919547	0	461046.812929048	0.002	0	0.05	0.006	-5	0.02	0.002	-30	0.01	full	rep96
254	1	3	0.00548160485437257	-1.92087893174383	0.0414661360854189	0.00435913785759503	-13.6193706675553	0	NA	NA	NA	461044.277834026	0.002	0	0.05	0.006	-5	0.02	0.002	-30	0.01	reduced	rep96
4844	1	3	0.00330036390308217	-22.8363305506873	0.0776747479340333	0.000364983000622502	10	0	0.00643425626500859	-3.17018733007787	0.00215722239384392	461098.291815567	0.002	0	0.05	0.006	-5	0.02	0.002	-30	0.01	full	rep97
155	1	3	0.0039553801118628	-16.4916218074981	0	0.00602032827887538	-2.20959867615268	0.0413019790961783	NA	NA	NA	461094.928353288	0.002	0	0.05	0.006	-5	0.02	0.002	-30	0.01	reduced	rep97
3020	1	3	0.00292668290034358	-0.394980864327732	0	0.00105934274454636	-84.9818339403776	0	0.00609495052057224	-7.1016874914188	0.0427835937643404	458587.497598604	0.002	0	0.05	0.006	-5	0.02	0.002	-30	0.01	full	rep98
383	1	3	0.00444709811739908	-11.5992123824571	0.0072279529514707	0.00519995437457119	-1.82416943562477	0.04303703094705	NA	NA	NA	458583.944716726	0.002	0	0.05	0.006	-5	0.02	0.002	-30	0.01	reduced	rep98
2105	1	3	0.00668974526053015	-5.52119257585124	0.0347118617433747	0.0016253645008996	-46.3483341879996	0	0.0018619159683447	0.439529083218627	0	462683.895284521	0.002	0	0.05	0.006	-5	0.02	0.002	-30	0.01	full	rep99
245	1	3	0.00537524574247801	-1.96417985810011	0.0440762163982094	0.0044413338081628	-12.3053408430684	0	NA	NA	NA	462677.501832833	0.002	0	0.05	0.006	-5	0.02	0.002	-30	0.01	reduced	rep99
4756	1	3	0.00403271583617477	-12.0302970362707	0	0.00110182253967498	-157.95132024945	0	0.00538326188769087	-1.95633372319839	0.0439962096894952	458612.328834842	0.002	0	0.05	0.006	-5	0.02	0.002	-30	0.01	full	rep100
262	1	3	0.00577771642489813	-2.11251739177431	0.0415282512488982	0.00412558566245218	-15.3697691442545	0	NA	NA	NA	458609.797313929	0.002	0	0.05	0.006	-5	0.02	0.002	-30	0.01	reduced	rep100
