run	imp	exit_code	theta_1	gamma_1	e_1	theta_2	gamma_2	e_2	theta_3	gamma_3	e_3	lnL	sim_theta_1	sim_gamma_1	sim_e_1	sim_theta_2	sim_gamma_2	sim_e_2	sim_theta_3	sim_gamma_3	sim_e_3	model	rep
2798	1	3	0.00275870005707158	-26.8602394113814	0.0786560782944557	0.000375997468189522	10	0	0.00691527878692583	-3.48718049525786	0.00594563737022941	459453.207924125	0.002	0	0.05	0.006	-5	0.02	0.002	-30	0.01	full	rep1
502	1	3	0.000481935717676942	4.01357722087915	0.0240073808706599	0.00701298303232339	-3.62391549572734	0.0240073808706599	0.00254762134182066	-27.6012301666268	0.0240073808706599	459452.425464791	0.002	0	0.05	0.006	-5	0.02	0.002	-30	0.01	reduced	rep1
4689	1	3	0.00437742047930432	-4.84102119172468	0	0.00271461638801055	-24.5671666850541	0.0146897486589233	0.00296085720266468	-1.02402701675963	0.0680375240719868	459413.723535667	0.002	0	0.05	0.006	-5	0.02	0.002	-30	0.01	full	rep2
1141	1	3	0.00315380167355103	-22.0228493487683	0.0243353788334754	0.000491430876603756	3.12595892505826	0.0243353788334754	0.00639216849890452	-3.24080644750431	0.0243353788334754	459413.66559941	0.002	0	0.05	0.006	-5	0.02	0.002	-30	0.01	reduced	rep2
526	1	3	0.00333139199197671	-16.3859253668205	0.0718438679848605	0.000419514190017926	7.81914310497024	0	0.00614276399498133	-3.17765791844998	0	464777.666628228	0.002	0	0.05	0.006	-5	0.02	0.002	-30	0.01	full	rep3
1337	1	3	0.00288473511322452	-17.3989631287051	0.0235366567661166	0.00625554276344034	-3.61966425490377	0.0235366567661166	0.000754793129672737	2.35642210629134	0.0235366567661166	464777.596840627	0.002	0	0.05	0.006	-5	0.02	0.002	-30	0.01	reduced	rep3
3147	1	3	0.00679735665831166	-5.42273529748073	0.0339945215560831	0.00170404110342663	-47.3866893186288	0	0.0016402084956434	0.934027651348406	0	458173.202691869	0.002	0	0.05	0.006	-5	0.02	0.002	-30	0.01	full	rep4
518	1	3	0.00694213471318539	-4.88802305352791	0.0240660971744819	0.0012418920982137	1.69868790888739	0.0240660971744819	0.00190402247234875	-38.8953207074014	0.0240660971744819	458172.763511588	0.002	0	0.05	0.006	-5	0.02	0.002	-30	0.01	reduced	rep4
4915	1	3	0.000275117433619293	10	0.000492987385015278	0.00683095856355341	-3.16499162320158	0.0164779712621802	0.00283805818122021	-25.7050805885445	0.05302666677599	456118.906564186	0.002	0	0.05	0.006	-5	0.02	0.002	-30	0.01	full	rep5
167	1	3	0.000306143360717416	5.62971137663732	0.0258101927409275	0.00273332078945921	-25.978300558095	0.0258101927409275	0.00690114084949854	-3.21685181094302	0.0258101927409275	456118.757187164	0.002	0	0.05	0.006	-5	0.02	0.002	-30	0.01	reduced	rep5
2840	1	3	0.00293239402035139	-23.4638846743353	0.0801633686890598	0.000400490028963488	10	0.00584328001775743	0.0067531720118141	-3.40452194025607	1.45310165090251e-05	465596.202600164	0.002	0	0.05	0.006	-5	0.02	0.002	-30	0.01	full	rep6
57	1	3	0.000569663587051706	3.46647910936769	0.0222042392340448	0.00691298055772005	-3.65005331088998	0.0222042392340448	0.00261261688445265	-25.177431066894	0.0222042392340448	465595.928957968	0.002	0	0.05	0.006	-5	0.02	0.002	-30	0.01	reduced	rep6
3481	1	3	0.00656714199194032	-3.24835200269027	0.00762393468341394	0.00322064597731792	-23.9789419311017	0.0653326694163266	0.000346276128779254	10	0.00150157635696472	460248.493991571	0.002	0	0.05	0.006	-5	0.02	0.002	-30	0.01	full	rep7
321	1	3	0.00309677767428284	-23.755591366792	0.0246303104861011	0.00664327516810867	-3.27535693952453	0.0246303104861011	0.000379697862384661	4.87172576686411	0.0246303104861011	460247.977337638	0.002	0	0.05	0.006	-5	0.02	0.002	-30	0.01	reduced	rep7
2205	1	3	0.00438629154154304	-1.47395530853066	0.0385188950029452	0.00127481311235245	-160.36564672666	0	0.00488999406851408	-9.18335889543872	0.0163811583171184	459762.318273157	0.002	0	0.05	0.006	-5	0.02	0.002	-30	0.01	full	rep8
951	1	3	0.00558272082623893	-7.80423150934531	0.0262305189549651	0.00124678113814848	-95.4611824665579	0.0262305189549651	0.0035018130277311	-0.91704818150501	0.0262305189549651	459761.760417579	0.002	0	0.05	0.006	-5	0.02	0.002	-30	0.01	reduced	rep8
1729	1	3	0.00660562095086005	-2.74659350851131	0.0254494393513991	0.000151853825370992	10	0.000658635564538446	0.00313656716748058	-19.9263992842502	0.0188722118062814	461452.569025056	0.002	0	0.05	0.006	-5	0.02	0.002	-30	0.01	full	rep9
1385	1	3	0.000170017965334555	10	0.0231063434006914	0.0066078236736819	-2.78373937910008	0.0231063434006914	0.00311984851304085	-20.1437692846658	0.0231063434006914	461452.56187317	0.002	0	0.05	0.006	-5	0.02	0.002	-30	0.01	reduced	rep9
3115	1	3	0.00558452196599747	-4.81900721446129	0	0.00221777505235811	-0.367835501175858	0.10000686843562	0.00224432532693444	-27.8581149209416	0	462611.473873907	0.002	0	0.05	0.006	-5	0.02	0.002	-30	0.01	full	rep10
1649	1	3	0.00286446775064286	-22.6052405616441	0.0226474562615669	0.00046301178129065	5.00587414562495	0.0226474562615669	0.00668369908712804	-3.40094081321528	0.0226474562615669	462611.156779593	0.002	0	0.05	0.006	-5	0.02	0.002	-30	0.01	reduced	rep10
4200	1	3	0.00499308048422622	-7.50653575306945	0	0.00388967640466456	-1.25542307848851	0.0600283449944039	0.00115433708470157	-57.4157901518417	0	460283.981612721	0.002	0	0.05	0.006	-5	0.02	0.002	-30	0.01	full	rep11
1109	1	3	0.00178163543485256	0.671980737537053	0.0247674045875979	0.00670059409375078	-5.42607953069018	0.0247674045875979	0.00152398487522253	-42.4223952803748	0.0247674045875979	460282.852699475	0.002	0	0.05	0.006	-5	0.02	0.002	-30	0.01	reduced	rep11
3156	1	3	0.000603593021825566	4.45419940949966	0.346283179770973	0.00210921855162383	-36.6316368287225	0	0.0074208287070926	-4.04368245182582	0	463532.112295247	0.002	0	0.05	0.006	-5	0.02	0.002	-30	0.01	full	rep12
496	1	3	0.00739369592855746	-3.87960585774598	0.0214438201972244	0.000500466301307928	6.23148181011249	0.0214438201972244	0.00222784055427639	-34.4926484086334	0.0214438201972244	463531.909535968	0.002	0	0.05	0.006	-5	0.02	0.002	-30	0.01	reduced	rep12
2509	1	3	0.0021632064829789	-28.4483755351541	0.0388694910251074	0.00151777394151306	0.980633015853999	0.00344628004709659	0.00635055828093697	-4.7607441972007	0.0278742079752394	461791.161052391	0.002	0	0.05	0.006	-5	0.02	0.002	-30	0.01	full	rep13
82	1	3	0.00230322013927126	-0.0432495646387154	0.0259607278933531	0.00587313234119581	-5.55067157844477	0.0259607278933531	0.00187731427705219	-32.6384327678001	0.0259607278933531	461791.07798415	0.002	0	0.05	0.006	-5	0.02	0.002	-30	0.01	reduced	rep13
2964	1	3	0.0050366796354335	-7.57024668017258	0	0.00392404279179314	-1.32748487479574	0.0574617490266266	0.00124660730727079	-68.4505453364996	0.0152655327086518	462013.976849038	0.002	0	0.05	0.006	-5	0.02	0.002	-30	0.01	full	rep14
1636	1	3	0.0020372612159959	0.249992305898257	0.0248405134632537	0.00150434159240107	-53.4093906613235	0.0248405134632537	0.00663409387403084	-5.75229929504725	0.0248405134632537	462013.189374903	0.002	0	0.05	0.006	-5	0.02	0.002	-30	0.01	reduced	rep14
431	1	3	0.000312524732831863	6.15080261719784	0.0100693405904272	0.00623095508237678	-2.96269904293761	0.024829143772008	0.00315992329190968	-16.4479170894295	0.0243746103005106	456677.235342945	0.002	0	0.05	0.006	-5	0.02	0.002	-30	0.01	full	rep15
95	1	3	0.000307645293855205	6.27677806581488	0.0241977433766695	0.0062182812426314	-2.94875935606246	0.0241977433766695	0.00317667904298237	-16.374827328886	0.0241977433766695	456677.235464325	0.002	0	0.05	0.006	-5	0.02	0.002	-30	0.01	reduced	rep15
1731	1	3	0.00649625628797749	-4.9660491430496	0.0218300276936715	0.00169111124947022	0.359932027465711	0.0539133066353941	0.00199706991547718	-39.1144697660581	0	460925.039932172	0.002	0	0.05	0.006	-5	0.02	0.002	-30	0.01	full	rep16
708	1	3	0.0021784048266456	-37.0134766051465	0.0241723510053112	0.000935328873918288	2.21674130786272	0.0241723510053112	0.00707652214095993	-4.38931597077086	0.0241723510053112	460924.56207192	0.002	0	0.05	0.006	-5	0.02	0.002	-30	0.01	reduced	rep16
675	1	3	0.0026741298241141	-22.9114534346448	0.0631030722687164	0.000543214570066225	4.7607633931863	0.195474922386362	0.00677084481145647	-3.5463019860084	0	464841.64393965	0.002	0	0.05	0.006	-5	0.02	0.002	-30	0.01	full	rep17
95	1	3	0.00147717152371062	0.635323932136001	0.0263064277761847	0.00224571904571282	-25.6321287903502	0.0263064277761847	0.00627156169695497	-4.36958239589114	0.0263064277761847	464841.214794124	0.002	0	0.05	0.006	-5	0.02	0.002	-30	0.01	reduced	rep17
1831	1	3	0.00485427663096129	-7.77567398678586	0	0.00379351678358704	-1.16498809011922	0.0460944056630419	0.00139529153692902	-34.6046967116284	0.0582641959259837	460081.705669512	0.002	0	0.05	0.006	-5	0.02	0.002	-30	0.01	full	rep18
1297	1	3	0.00520248846680387	-6.7135439812147	0.0244448547308812	0.00171885441177152	-28.3144704057904	0.0244448547308812	0.00309227433444678	-0.688629622885409	0.0244448547308812	460081.475471294	0.002	0	0.05	0.006	-5	0.02	0.002	-30	0.01	reduced	rep18
3303	1	3	0.00561735368012802	-5.51813187684064	0	0.00176726480062948	-51.3842680445539	0	0.00281780998016299	-0.906006169537318	0.0805926668412183	461667.008179611	0.002	0	0.05	0.006	-5	0.02	0.002	-30	0.01	full	rep19
965	1	3	0.0021307292228975	-37.968586910757	0.0236127057324614	0.00065672932178097	3.17086728671749	0.0236127057324614	0.00733861193777469	-4.0102697519264	0.0236127057324614	461666.968792914	0.002	0	0.05	0.006	-5	0.02	0.002	-30	0.01	reduced	rep19
1865	1	3	0.000565383847044748	4.63689320655954	0.222687628114585	0.00694924877995035	-3.75814036449711	0	0.00266698546199515	-28.8890284899392	0.0494957367554563	463082.621155836	0.002	0	0.05	0.006	-5	0.02	0.002	-30	0.01	full	rep20
273	1	3	0.00680513975971116	-4.12634349158161	0.0241835315211417	0.000935770401681821	1.90291001665248	0.0241835315211417	0.00245092641819263	-31.0766140910243	0.0241835315211417	463082.296348576	0.002	0	0.05	0.006	-5	0.02	0.002	-30	0.01	reduced	rep20
1183	1	3	0.00203787618485113	-46.6523373036813	0	0.00259445174804037	-0.785374968218518	0.0914666207898485	0.00562165979446406	-5.20385675704883	0	460320.60118784	0.002	0	0.05	0.006	-5	0.02	0.002	-30	0.01	full	rep21
1878	1	3	0.000559204005428831	3.89392373309714	0.0245819822506255	0.00239941621716748	-36.3552471012886	0.0245819822506255	0.00722557271953919	-3.82207669161306	0.0245819822506255	460320.262710858	0.002	0	0.05	0.006	-5	0.02	0.002	-30	0.01	reduced	rep21
2063	1	3	0.006302991098263	-2.81935967358874	0.0224751167223989	0.000207836099891443	10	0	0.003441242514826	-19.5953041693775	0.0277271012614851	457365.710640412	0.002	0	0.05	0.006	-5	0.02	0.002	-30	0.01	full	rep22
1457	1	3	0.00629654570923279	-2.79109669706717	0.0237007199161603	0.000195878241866154	10	0.0237007199161603	0.00345677219080688	-19.4358453212668	0.0237007199161603	457365.701663028	0.002	0	0.05	0.006	-5	0.02	0.002	-30	0.01	reduced	rep22
1510	1	3	0.00210350204217289	-26.9376917055131	0	0.00556750976467936	-5.28596686407606	0.0443250892051897	0.0023534043547077	-0.206555797384182	0	463079.600967261	0.002	0	0.05	0.006	-5	0.02	0.002	-30	0.01	full	rep23
159	1	3	0.00126925009094955	1.00475916681422	0.0255664867606957	0.00251611508355177	-24.0856266348853	0.0255664867606957	0.00623544369263048	-4.17689245733944	0.0255664867606957	463079.667639478	0.002	0	0.05	0.006	-5	0.02	0.002	-30	0.01	reduced	rep23
3207	1	3	0.00416943964392553	-9.50072475253985	0.0135341466249532	0.00489861856434868	-1.69375909786303	0.0396827099296278	0.000888017212463806	-56.5081536488732	0	460080.530894376	0.002	0	0.05	0.006	-5	0.02	0.002	-30	0.01	full	rep24
1716	1	3	0.00131045370822785	-36.6284026658861	0.0266951293615138	0.0035586094304316	-0.962897647303907	0.0266951293615138	0.00503299180034621	-7.04967245766425	0.0266951293615138	460079.615290837	0.002	0	0.05	0.006	-5	0.02	0.002	-30	0.01	reduced	rep24
3082	1	3	0.00571769530595969	-3.57766686861072	0	0.00147925708959272	-0.494297217409594	0.163383563377004	0.00271247025836985	-21.175715477967	0	462138.117541121	0.002	0	0.05	0.006	-5	0.02	0.002	-30	0.01	full	rep25
1027	1	3	0.000191625853936969	10	0.0245463476797316	0.00310661062159577	-19.3153776362734	0.0245463476797316	0.0065974411555413	-2.85579281126875	0.0245463476797316	462138.106789515	0.002	0	0.05	0.006	-5	0.02	0.002	-30	0.01	reduced	rep25
1224	1	3	0.00188632561094731	-35.1117157256265	0	0.00372487146918955	-1.31383770656243	0.0653809947227004	0.00447825188754832	-6.11086674260179	0	462716.426705736	0.002	0	0.05	0.006	-5	0.02	0.002	-30	0.01	full	rep26
1295	1	3	0.00690499019031092	-3.74845509102683	0.025315474253447	0.000662119916250599	3.00488058861186	0.025315474253447	0.00248550799568364	-27.3958599392782	0.025315474253447	462715.818968944	0.002	0	0.05	0.006	-5	0.02	0.002	-30	0.01	reduced	rep26
4741	1	3	0.000382092501353172	7.3562176630834	0.0491215535074333	0.00300838532200267	-22.4084892930585	0.0381124479712161	0.00665626973050768	-3.29562059206639	0.0171344530193955	462616.254685051	0.002	0	0.05	0.006	-5	0.02	0.002	-30	0.01	full	rep27
876	1	3	0.000433089313876248	5.25302437465325	0.0243720130208969	0.00289785381567925	-22.9473523043353	0.0243720130208969	0.00671883888989075	-3.38561150568451	0.0243720130208969	462616.242509968	0.002	0	0.05	0.006	-5	0.02	0.002	-30	0.01	reduced	rep27
1725	1	3	0.00226533293638421	-250	0	0.00396862742489066	-1.29484354784827	0.0575248394759935	0.00521048582725951	-8.02136804728893	0	462833.01603743	0.002	0	0.05	0.006	-5	0.02	0.002	-30	0.01	full	rep28
1773	1	3	0.00661539220233769	-6.55663392857403	0.0242951099198652	0.00243137783427045	-0.0105707124639581	0.0242951099198652	0.00196553006519852	-165.626357377633	0.0242951099198652	462830.637999532	0.002	0	0.05	0.006	-5	0.02	0.002	-30	0.01	reduced	rep28
2135	1	3	0.00743538831443921	-4.07387151562696	0	0.00231746731059365	-44.0096704322636	0.0463950852870506	0.000625522759528519	4.26800923934418	0.26319522471543	465006.589289194	0.002	0	0.05	0.006	-5	0.02	0.002	-30	0.01	full	rep29
1773	1	3	0.00731170669086607	-4.36294189367318	0.0249541693217097	0.000900354897364706	2.30430355751654	0.0249541693217097	0.00217984616669122	-47.4663593904674	0.0249541693217097	465006.362997357	0.002	0	0.05	0.006	-5	0.02	0.002	-30	0.01	reduced	rep29
4819	1	3	0.00485565033566635	-9.23826244572497	0	0.00080728574856647	-113.589465580617	0.0238415779732861	0.00451389685804609	-1.52266450460532	0.0493137921860601	463327.184537893	0.002	0	0.05	0.006	-5	0.02	0.002	-30	0.01	full	rep30
1468	1	3	0.006226522449727	-6.13447434475567	0.0242291067612193	0.00242786742456786	-0.0646327746978851	0.0242291067612193	0.00132564861106286	-37.407181597022	0.0242291067612193	463326.413012228	0.002	0	0.05	0.006	-5	0.02	0.002	-30	0.01	reduced	rep30
2123	1	3	0.00600180568724998	-4.44937790400069	0.0371594096005416	0.00243753986417834	-25.3699139280337	0	0.00158042440467811	0.553472562271463	0.00877445911841803	461711.812677526	0.002	0	0.05	0.006	-5	0.02	0.002	-30	0.01	full	rep31
602	1	3	0.00285185365277006	-22.5309436381048	0.0244915102634577	0.00651659948875645	-3.53592624123014	0.0244915102634577	0.000634399082608649	3.19268467581882	0.0244915102634577	461711.140101316	0.002	0	0.05	0.006	-5	0.02	0.002	-30	0.01	reduced	rep31
1987	1	3	0.00388971925570158	-6.98294248262191	0	0.00197216685475087	-31.898919246166	0	0.00426824649042197	-1.56554446364989	0.0577654505517799	461531.221288581	0.002	0	0.05	0.006	-5	0.02	0.002	-30	0.01	full	rep32
1489	1	3	0.000266398392887172	7.79408339578499	0.0247148809759978	0.00648840970286295	-3.00171201488553	0.0247148809759978	0.003295984158183	-20.6579885800811	0.0247148809759978	461530.938832845	0.002	0	0.05	0.006	-5	0.02	0.002	-30	0.01	reduced	rep32
1930	1	3	0.000222088338940755	10	0.00885784777358696	0.00635581467727768	-2.82745404229925	0.0227157799303605	0.00326458838555952	-17.89447058448	0.0276252517485009	460217.812150902	0.002	0	0.05	0.006	-5	0.02	0.002	-30	0.01	full	rep33
1006	1	3	0.000211380615644801	10	0.0239440293380861	0.00634904174862235	-2.80211923872989	0.0239440293380861	0.00327977974910436	-17.7597107703199	0.0239440293380861	460217.808559947	0.002	0	0.05	0.006	-5	0.02	0.002	-30	0.01	reduced	rep33
3127	1	3	0.0040509620705165	-1.28817290216887	0.0417293031498593	0.00511194082633444	-8.12219136734125	0.0119865768547908	0.000944574065331553	-101.754984114869	0	460938.34329329	0.002	0	0.05	0.006	-5	0.02	0.002	-30	0.01	full	rep34
193	1	3	0.00592996282469949	-7.12842192630209	0.0245607313082938	0.000985850717094503	-82.104518222809	0.0245607313082938	0.00313374257811833	-0.641299377368438	0.0245607313082938	460937.442876278	0.002	0	0.05	0.006	-5	0.02	0.002	-30	0.01	reduced	rep34
2850	1	3	0.00510079764739037	-1.79379144443807	0.043353999118856	0.00128954281098427	-27.6929624884658	0	0.00357947414572513	-9.65601121660899	0	464160.325804529	0.002	0	0.05	0.006	-5	0.02	0.002	-30	0.01	full	rep35
1771	1	3	0.000159771837716852	10	0.02218162254611	0.00392161992649885	-15.1992186385092	0.02218162254611	0.00582601901752527	-2.41366866257003	0.02218162254611	464159.811874431	0.002	0	0.05	0.006	-5	0.02	0.002	-30	0.01	reduced	rep35
329	1	3	0.002489719440839	-0.388361720553858	0.085497891613103	0.00167616032753872	-49.3375818465623	0	0.0059987718320131	-5.542661785272	0	463906.8731383	0.002	0	0.05	0.006	-5	0.02	0.002	-30	0.01	full	rep36
470	1	3	0.00193243974548545	-40.8741354189466	0.0221046167569058	0.00720358943621554	-4.44360230701249	0.0221046167569058	0.000989247339945546	2.38293376632828	0.0221046167569058	463905.458001145	0.002	0	0.05	0.006	-5	0.02	0.002	-30	0.01	reduced	rep36
2258	1	3	0.000719577986734414	2.07082629947785	0.301361313432202	0.00298124294439871	-24.7726928264795	0	0.00642223182645388	-3.45699136046406	0	462599.536103832	0.002	0	0.05	0.006	-5	0.02	0.002	-30	0.01	full	rep37
520	1	3	0.00635351799772986	-2.85016144385782	0.021419639762356	0.000271445977196156	10	0.021419639762356	0.00345285223920796	-21.3794991624205	0.021419639762356	462598.932744846	0.002	0	0.05	0.006	-5	0.02	0.002	-30	0.01	reduced	rep37
603	1	3	0.00201023578393476	-26.2002589765112	0	0.00347023865698318	-0.920327571331147	0.0138536439601114	0.00458349347745139	-6.50497978636014	0.0449240093908391	464766.90328075	0.002	0	0.05	0.006	-5	0.02	0.002	-30	0.01	full	rep38
1694	1	3	0.00147687843990443	0.486758300035916	0.0260427272627502	0.00298800379586707	-20.0017771113001	0.0260427272627502	0.00556408860491242	-3.94866023443859	0.0260427272627502	464766.473499612	0.002	0	0.05	0.006	-5	0.02	0.002	-30	0.01	reduced	rep38
402	1	3	0.00190193795329183	-26.7151772153654	0	0.0017236220454728	0.360563146398458	0	0.00630277162289176	-4.89322451697844	0.038078806569302	461956.491103147	0.002	0	0.05	0.006	-5	0.02	0.002	-30	0.01	full	rep39
1173	1	3	0.000925822795109763	1.85731088992317	0.0249435527530862	0.00671729640664416	-4.08502758924773	0.0249435527530862	0.0022672860373009	-23.3320406701747	0.0249435527530862	461955.711199392	0.002	0	0.05	0.006	-5	0.02	0.002	-30	0.01	reduced	rep39
1780	1	3	0.00546738271670694	-6.93279191637707	0	0.0033000415117176	-0.957453664727407	0.0627214383475775	0.00137668048780434	-69.0837418502436	0.042818125986386	455389.640001147	0.002	0	0.05	0.006	-5	0.02	0.002	-30	0.01	full	rep40
262	1	3	0.00148683411122911	-55.6068496222723	0.0253481269166727	0.0064153260469619	-5.94787397413306	0.0253481269166727	0.00217934808116752	0.086165462281413	0.0253481269166727	455389.400800869	0.002	0	0.05	0.006	-5	0.02	0.002	-30	0.01	reduced	rep40
3147	1	3	0.00652109806639777	-5.20417838739481	0.0339940489918003	0.00169438165434375	-43.8237914418177	0	0.00187558764229705	0.368450531803192	0	462902.771847048	0.002	0	0.05	0.006	-5	0.02	0.002	-30	0.01	full	rep41
1183	1	3	0.00681587920990305	-4.73832832188115	0.0231775921139911	0.00184039086190272	-39.6860126433839	0.0231775921139911	0.0014184332889639	1.007701052535	0.0231775921139911	462902.440658631	0.002	0	0.05	0.006	-5	0.02	0.002	-30	0.01	reduced	rep41
3147	1	3	0.00590274578094124	-2.95106227562966	0.0367074139765776	0.00352167032491057	-13.6667230580991	0	0.000385910088748913	3.61688545200991	0	464210.223089993	0.002	0	0.05	0.006	-5	0.02	0.002	-30	0.01	full	rep42
85	1	3	0.000339385272980242	6.1186566816705	0.0223307798905989	0.00595029699873322	-2.96044811965212	0.0223307798905989	0.00352928382482192	-13.9843918782376	0.0223307798905989	464210.300138132	0.002	0	0.05	0.006	-5	0.02	0.002	-30	0.01	reduced	rep42
3447	1	3	0.00389360960177211	-11.6565305531659	0.000828877210268035	0.00560522217016089	-2.0704338997466	0.0421683843362171	0.000447775091858824	-161.85355039092	0	460079.315195872	0.002	0	0.05	0.006	-5	0.02	0.002	-30	0.01	full	rep43
1305	1	3	0.000114617340448736	10	0.0249170702224177	0.00373452625941278	-13.6279400331138	0.0249170702224177	0.00584304684759665	-2.38312220873887	0.0249170702224177	460078.692262531	0.002	0	0.05	0.006	-5	0.02	0.002	-30	0.01	reduced	rep43
1523	1	3	0.00170958589834624	-152.426704472085	0.0358573226093907	0.00407523045054579	-1.35013416476462	0.0529374191848484	0.00502721125706414	-7.99775087798337	0	462655.248523793	0.002	0	0.05	0.006	-5	0.02	0.002	-30	0.01	full	rep44
1137	1	3	0.00164145208483561	-92.2551750495344	0.0248082559975157	0.00627477054740424	-6.40427975924301	0.0248082559975157	0.00260255830199831	-0.267052011328475	0.0248082559975157	462654.997245221	0.002	0	0.05	0.006	-5	0.02	0.002	-30	0.01	reduced	rep44
62	1	3	0.0016245775342621	-50.314718063093	0	0.00464778340307985	-1.61184616023403	0.0462977066326497	0.00387874002001569	-8.25385967565221	0.00608364413329953	457190.286927219	0.002	0	0.05	0.006	-5	0.02	0.002	-30	0.01	full	rep45
832	1	3	0.00261911266000199	-0.324626169297274	0.0256282336604167	0.00192965215331931	-42.7267480394326	0.0256282336604167	0.00558112803844026	-5.81767482536743	0.0256282336604167	457188.8318196	0.002	0	0.05	0.006	-5	0.02	0.002	-30	0.01	reduced	rep45
2048	1	3	0.00673712352986854	-3.99557746207697	0.0283312842428267	0.000815432731667132	2.34439032246293	0.0042507229962194	0.00231765582508869	-22.9041891534039	0.0139555921034794	459835.576110737	0.002	0	0.05	0.006	-5	0.02	0.002	-30	0.01	full	rep46
1908	1	3	0.00242449849269404	-22.3561666507198	0.023193172737198	0.000652415638715663	3.2653926353094	0.023193172737198	0.00679332683964432	-3.81319396117028	0.023193172737198	459835.606036524	0.002	0	0.05	0.006	-5	0.02	0.002	-30	0.01	reduced	rep46
878	1	3	0.0041964793358296	-1.367577438525	0.0520601826561394	0.00507057178786547	-8.59023878049041	0	0.00202749618989697	-250	0.013709007803941	463769.662639839	0.002	0	0.05	0.006	-5	0.02	0.002	-30	0.01	full	rep47
95	1	3	0.00210223041529825	-214.252456044249	0.0237657761140348	0.00279498255755537	-0.305509545469325	0.0237657761140348	0.00635545012016098	-7.05055284833562	0.0237657761140348	463768.150202607	0.002	0	0.05	0.006	-5	0.02	0.002	-30	0.01	reduced	rep47
3310	1	3	0.00383456219563832	-1.13164066285563	0.0465143258420328	0.00493390008224532	-7.67102715566361	0	0.00104738635041019	-35.1518319888546	0.0970438158997414	459034.719571495	0.002	0	0.05	0.006	-5	0.02	0.002	-30	0.01	full	rep48
420	1	3	0.000813892061259317	-46.6987937068032	0.0266224664146198	0.00383240998220121	-1.08314919363409	0.0266224664146198	0.00519496404728775	-8.10675759708397	0.0266224664146198	459034.167311044	0.002	0	0.05	0.006	-5	0.02	0.002	-30	0.01	reduced	rep48
2550	1	3	0.00676999244683728	-4.7548024054512	0	0.00131371538409867	1.16776500496786	0.117875586981657	0.00178917038081245	-25.3996281199114	0.0535624175933122	461841.750271917	0.002	0	0.05	0.006	-5	0.02	0.002	-30	0.01	full	rep49
1871	1	3	0.00669869302033456	-5.19975053932729	0.0244863142969142	0.00161943554129212	0.750438129720753	0.0244863142969142	0.00155726593323978	-27.7661391944995	0.0244863142969142	461841.531736237	0.002	0	0.05	0.006	-5	0.02	0.002	-30	0.01	reduced	rep49
2440	1	3	0.00224706606418139	-23.7118758390667	0	0.00525185344700285	-4.87736624740208	0	0.00244905348187441	-0.643127694087312	0.0931238998746947	462046.819295872	0.002	0	0.05	0.006	-5	0.02	0.002	-30	0.01	full	rep50
1676	1	3	0.00659672752569927	-3.4310917526872	0.0235739312057327	0.0004903067387547	4.28614418086373	0.0235739312057327	0.00284489863048904	-20.2623761832782	0.0235739312057327	462046.775056815	0.002	0	0.05	0.006	-5	0.02	0.002	-30	0.01	reduced	rep50
2054	1	3	0.00313344295503251	-17.3355660422276	0	0.00643166241451459	-2.94434347270793	0.0172000875911705	0.000261218477334646	5.38520471209558	0.5	460339.922238747	0.002	0	0.05	0.006	-5	0.02	0.002	-30	0.01	full	rep51
292	1	3	0.00636757682063259	-2.82549132595845	0.0247541045606007	0.000198739172889867	10	0.0247541045606007	0.00325892040250084	-17.1077412766571	0.0247541045606007	460339.883728785	0.002	0	0.05	0.006	-5	0.02	0.002	-30	0.01	reduced	rep51
4481	1	3	0.00606099385588801	-2.89263576628015	0.00370200738911474	0.00358286484459633	-17.685762923069	0.0605617252700197	0.000313614326913237	10	0	462248.400379996	0.002	0	0.05	0.006	-5	0.02	0.002	-30	0.01	full	rep52
377	1	3	0.000267188825684992	5.92709589239936	0.0235092279215211	0.00357025433644222	-17.0377611845698	0.0235092279215211	0.00610490295122874	-2.78022145330396	0.0235092279215211	462248.255470378	0.002	0	0.05	0.006	-5	0.02	0.002	-30	0.01	reduced	rep52
1829	1	3	0.00262569235841673	-0.212476119110652	0	0.00153489020198758	-50.8191823319652	0.0158997880636689	0.00593593342684917	-6.32488995867266	0.0381745069763468	457885.701378876	0.002	0	0.05	0.006	-5	0.02	0.002	-30	0.01	full	rep53
859	1	3	0.0056671111970576	-6.34737522931665	0.0252042097760357	0.00157862762190401	-48.4245827811039	0.0252042097760357	0.00284076353898057	-0.472922013807837	0.0252042097760357	457885.522323761	0.002	0	0.05	0.006	-5	0.02	0.002	-30	0.01	reduced	rep53
2736	1	3	0.00198526703857507	-27.98529839397	0.0309776186580664	0.00265290384530257	-0.585968118740038	0.0726025184187469	0.00540427007821498	-5.52138076310274	0	463305.856858354	0.002	0	0.05	0.006	-5	0.02	0.002	-30	0.01	full	rep54
462	1	3	0.00204758498204968	-27.5050942059917	0.0252203627172399	0.00616550969831201	-5.04604856373633	0.0252203627172399	0.00182869996828348	0.36196740407368	0.0252203627172399	463305.839754543	0.002	0	0.05	0.006	-5	0.02	0.002	-30	0.01	reduced	rep54
2247	1	3	0.00437461296603816	-7.04207574907306	0	0.00168814790356307	-44.5543723171421	0	0.0040281655715965	-1.33337436612169	0.0527935528929513	458931.391000428	0.002	0	0.05	0.006	-5	0.02	0.002	-30	0.01	full	rep55
462	1	3	0.00242070295645223	-29.7410450502464	0.0222817489343549	0.00667197139560705	-4.00283134498876	0.0222817489343549	0.000921208171633653	2.08976515077497	0.0222817489343549	458931.211279658	0.002	0	0.05	0.006	-5	0.02	0.002	-30	0.01	reduced	rep55
1363	1	3	0.00167981000592955	-70.6294162287363	0.0252693753138375	0.00688270420538172	-5.42488841818757	0.0318074076881615	0.00173256261458434	0.629284965960397	0	459117.666476573	0.002	0	0.05	0.006	-5	0.02	0.002	-30	0.01	full	rep56
671	1	3	0.00672497979315041	-5.50147991800116	0.0253327580057542	0.00167456377783368	-70.9878300488649	0.0253327580057542	0.00189640014699745	0.329107524579122	0.0253327580057542	459117.642393956	0.002	0	0.05	0.006	-5	0.02	0.002	-30	0.01	reduced	rep56
2577	1	3	0.00630633163046556	-4.5118435828914	0.0375423966144356	0.00208959222028857	-24.1263056325137	0	0.00148536932299232	0.68154291123807	0	462064.159267517	0.002	0	0.05	0.006	-5	0.02	0.002	-30	0.01	full	rep57
1099	1	3	0.00669694717924112	-3.63660338584229	0.0245762687343051	0.00253787695330823	-21.2312555840594	0.0245762687343051	0.000636689977003868	3.08548789388837	0.0245762687343051	462064.096323595	0.002	0	0.05	0.006	-5	0.02	0.002	-30	0.01	reduced	rep57
3267	1	3	0.00225252415608665	-24.4658674829123	0.0425136918474522	0.0066131440675096	-4.39826429152528	0.0188309089493504	0.00104883754426065	2.1548631504205	0.0226007105103593	459173.330463818	0.002	0	0.05	0.006	-5	0.02	0.002	-30	0.01	full	rep58
207	1	3	0.00641108916077615	-5.1630458816812	0.0240085059775464	0.00167616924770283	0.768616299611261	0.0240085059775464	0.00185150506438692	-29.0578555272606	0.0240085059775464	459173.269238671	0.002	0	0.05	0.006	-5	0.02	0.002	-30	0.01	reduced	rep58
1002	1	3	0.000552800286654612	6.02194059881391	0	0.00223049450335948	-28.0279598221553	0.0780781354295368	0.00717194254630176	-3.92221385505523	0.0124099825897718	461078.703505846	0.002	0	0.05	0.006	-5	0.02	0.002	-30	0.01	full	rep59
822	1	3	0.00715884670250066	-4.40672242111577	0.0245655267476046	0.00188120128415319	-32.8135383125898	0.0245655267476046	0.000936999119623094	2.26826719790864	0.0245655267476046	461077.96688925	0.002	0	0.05	0.006	-5	0.02	0.002	-30	0.01	reduced	rep59
3075	1	3	0.00133106098499562	-54.8410615222603	0.0345645887436508	0.00655516004271225	-6.04483377519788	0.029891229819387	0.0021749259083046	0.330836153112228	0.00406549185312816	460895.718523353	0.002	0	0.05	0.006	-5	0.02	0.002	-30	0.01	full	rep60
1692	1	3	0.00256356450598671	-0.140991545113557	0.0242836369707822	0.00622548196913503	-6.37113515977293	0.0242836369707822	0.00127339386970091	-57.2822402677922	0.0242836369707822	460895.640201717	0.002	0	0.05	0.006	-5	0.02	0.002	-30	0.01	reduced	rep60
3153	1	3	0.000915913544748131	1.53545392731469	0	0.00674474202192098	-3.99028818964095	0.0357745609309145	0.00231738424886606	-25.6505544633066	1.42866254853047e-07	461754.216157751	0.002	0	0.05	0.006	-5	0.02	0.002	-30	0.01	full	rep61
1588	1	3	0.00042478983975798	4.81908238562993	0.0249089652179523	0.00262509496064682	-23.4318531777816	0.0249089652179523	0.00692005311126232	-3.4693417214421	0.0249089652179523	461754.252069027	0.002	0	0.05	0.006	-5	0.02	0.002	-30	0.01	reduced	rep61
2207	1	3	0.00697240653499039	-3.38743128630966	0.0120291604799964	0.00251100179666792	-22.9854788375149	0	0.00039745465444029	5.21783633782244	0.335144889880162	462283.744049984	0.002	0	0.05	0.006	-5	0.02	0.002	-30	0.01	full	rep62
28	1	3	0.000264456643925294	10	0.0220170430022488	0.00278714828056277	-20.6952171197965	0.0220170430022488	0.00680053080489056	-3.09573981386424	0.0220170430022488	462283.550863874	0.002	0	0.05	0.006	-5	0.02	0.002	-30	0.01	reduced	rep62
3298	1	3	0.00658127122920122	-2.93003914977967	0.0273772682851168	0.00313289591702122	-19.0610222581298	0.00690115755148786	0.000208147836670728	9.02318461249252	0.0924852936521525	462080.549194875	0.002	0	0.05	0.006	-5	0.02	0.002	-30	0.01	full	rep63
361	1	3	0.00311276647628219	-19.4495541866146	0.0226010246780799	0.00023707377158884	10	0.0226010246780799	0.00657915184160469	-2.99304137812881	0.0226010246780799	462080.516143691	0.002	0	0.05	0.006	-5	0.02	0.002	-30	0.01	reduced	rep63
2434	1	3	0.00186511947634626	-37.8254636997601	0	0.00583314169835423	-5.18733385738393	0	0.00238779952233368	-0.407845508115937	0.0965913950135746	463131.776950322	0.002	0	0.05	0.006	-5	0.02	0.002	-30	0.01	full	rep64
1413	1	3	0.00240832341823491	-27.9958916337873	0.0236049669647973	0.000570751564190456	4.36704395950997	0.0236049669647973	0.00703993430854788	-3.71071363155516	0.0236049669647973	463130.750695329	0.002	0	0.05	0.006	-5	0.02	0.002	-30	0.01	reduced	rep64
1955	1	3	0.00470173014900062	-1.75679905958287	0.0478802499380753	0.00448193796173137	-8.97063046096165	0	0.000855308912531762	-72.5883333550772	0	460378.286231196	0.002	0	0.05	0.006	-5	0.02	0.002	-30	0.01	full	rep65
212	1	3	0.000229569173028461	7.57600467239385	0.022834519923753	0.00335698991994566	-15.5694813801532	0.022834519923753	0.00620784196791768	-2.86529433508893	0.022834519923753	460377.122903343	0.002	0	0.05	0.006	-5	0.02	0.002	-30	0.01	reduced	rep65
4209	1	3	0.00427462319319928	-11.6914550999747	0	0.00533199061355161	-1.88214093243623	0.0438904345962595	0.000446394163596326	-248.753043560756	0.0588771357702648	461281.176962969	0.002	0	0.05	0.006	-5	0.02	0.002	-30	0.01	full	rep66
1599	1	3	0.000427115884210223	3.12714645450431	0.0251422623378177	0.00575334735251368	-2.7868930984236	0.0251422623378177	0.00359012236274816	-14.6071436701233	0.0251422623378177	461280.910662649	0.002	0	0.05	0.006	-5	0.02	0.002	-30	0.01	reduced	rep66
1952	1	3	0.00153966465469239	-41.7719684960849	0	0.00595524312930543	-6.23033877047534	0.0413361665996005	0.00257966335568833	-0.314497547377482	0	459076.060397633	0.002	0	0.05	0.006	-5	0.02	0.002	-30	0.01	full	rep67
678	1	3	0.00234330729183094	-0.192086883516547	0.0255498348007382	0.00598274451066957	-5.74675614523386	0.0255498348007382	0.0017259393385045	-36.517675589783	0.0255498348007382	459075.585181591	0.002	0	0.05	0.006	-5	0.02	0.002	-30	0.01	reduced	rep67
4904	1	3	0.00585008538547181	-5.2523613440968	0.0404691944696182	0.00211545201558451	-0.0250143827507512	0	0.00206604485963401	-26.9328066480559	0	462012.639842761	0.002	0	0.05	0.006	-5	0.02	0.002	-30	0.01	full	rep68
564	1	3	0.00639131251522426	-4.08769566951596	0.0244458440178898	0.00104681911303361	1.45542133915257	0.0244458440178898	0.00257593094390558	-22.9049320245529	0.0244458440178898	462012.573651807	0.002	0	0.05	0.006	-5	0.02	0.002	-30	0.01	reduced	rep68
1464	1	3	0.00447348541430478	-11.9765269094599	0	0.000489257575114973	-153.845197337537	0.0746077033238914	0.00521170635130563	-1.82295141806304	0.0431113278491543	463283.954243587	0.002	0	0.05	0.006	-5	0.02	0.002	-30	0.01	full	rep69
26	1	3	0.00567733582226641	-2.43280421767999	0.0240390591343763	0.0040494135790847	-14.9134850102956	0.0240390591343763	0.0002028833651723	6.62038356368943	0.0240390591343763	463283.796207083	0.002	0	0.05	0.006	-5	0.02	0.002	-30	0.01	reduced	rep69
4152	1	3	0.00704492209573148	-3.95167807016202	0.0241322256182139	0.000702548947716014	2.96576188903259	0	0.00220148213683362	-29.1751326458612	0.043176595783981	459275.20771294	0.002	0	0.05	0.006	-5	0.02	0.002	-30	0.01	full	rep70
1193	1	3	0.00197853055252212	-32.7587234645563	0.0259455974120723	0.00117988256285811	1.20072978672045	0.0259455974120723	0.00681218407814642	-4.41961393569984	0.0259455974120723	459275.09682554	0.002	0	0.05	0.006	-5	0.02	0.002	-30	0.01	reduced	rep70
4048	1	3	0.00153087820079161	-36.2477046529467	0.0305483113535244	0.0017673593101535	0.395576570388799	0.0927868724685092	0.0066429635290721	-5.24983476738644	0.00463522231751605	460038.419279252	0.002	0	0.05	0.006	-5	0.02	0.002	-30	0.01	full	rep71
153	1	3	0.0015552680561388	-34.9948351263673	0.024126189776467	0.0014380282464392	1.13818928477209	0.024126189776467	0.00693832520752286	-5.10226776492206	0.024126189776467	460038.486918627	0.002	0	0.05	0.006	-5	0.02	0.002	-30	0.01	reduced	rep71
1492	1	3	0.0070366530982828	-4.33304544581345	0	0.00224596337108362	-31.0289831685985	0.0727933255503318	0.000886072180528014	2.58479885937746	0.128357282083824	464301.164398811	0.002	0	0.05	0.006	-5	0.02	0.002	-30	0.01	full	rep72
321	1	3	0.00211225536829991	0.0301788027383022	0.0248834462365809	0.00177567855189233	-39.5607761591496	0.0248834462365809	0.0063188562759534	-5.5615349541463	0.0248834462365809	464299.950753983	0.002	0	0.05	0.006	-5	0.02	0.002	-30	0.01	reduced	rep72
3188	1	3	0.00354825493428897	-1.11668475040881	0.0655540078591464	0.00144279522757648	-64.72913427702	0	0.00523255645400575	-6.8956405525955	0	460978.223956527	0.002	0	0.05	0.006	-5	0.02	0.002	-30	0.01	full	rep73
337	1	3	0.00184855276947327	-41.4454946445389	0.0243141793866349	0.00121253255188344	1.62466823232443	0.0243141793866349	0.00705198378042486	-4.76875561527644	0.0243141793866349	460976.89294125	0.002	0	0.05	0.006	-5	0.02	0.002	-30	0.01	reduced	rep73
1232	1	3	0.00684104877316566	-3.88609913169366	0.020620815225521	0.000632811591223998	3.80922946082064	0	0.00249280988497899	-23.2921036447119	0.0451992819818531	460827.446098175	0.002	0	0.05	0.006	-5	0.02	0.002	-30	0.01	full	rep74
560	1	3	0.0022360812886926	-25.2801594027335	0.0248308725962405	0.00676406656167315	-4.28593641797028	0.0248308725962405	0.000975858596119792	1.8850002795996	0.0248308725962405	460827.339781823	0.002	0	0.05	0.006	-5	0.02	0.002	-30	0.01	reduced	rep74
1993	1	3	0.00690877578947906	-2.94924986242245	0.0286471066015843	0.00283361534299281	-21.3099808609633	0.00801335607933638	0.00017293567340596	10	0	463554.000984614	0.002	0	0.05	0.006	-5	0.02	0.002	-30	0.01	full	rep75
204	1	3	0.00277710115009134	-22.2210167800251	0.0226887124555142	0.00692957324133785	-3.05987240702335	0.0226887124555142	0.000222810203517151	10	0.0226887124555142	463553.91949108	0.002	0	0.05	0.006	-5	0.02	0.002	-30	0.01	reduced	rep75
1612	1	3	0.00372061596502229	-1.32805165288291	0.0650878982965519	0.0044677929707591	-6.14436268415751	0	0.00183580466863631	-33.9386884208238	0	460793.173332113	0.002	0	0.05	0.006	-5	0.02	0.002	-30	0.01	full	rep76
373	1	3	0.000464526930560886	4.3210610141203	0.0250469204155844	0.00683048567456878	-3.44804575466366	0.0250469204155844	0.00266645749407004	-23.8574708999593	0.0250469204155844	460792.489049604	0.002	0	0.05	0.006	-5	0.02	0.002	-30	0.01	reduced	rep76
1821	1	3	0.00548758410720245	-2.02230424695294	0.0438115818526618	0.000414234510360666	-213.568693582349	0.123473464836824	0.00428356125004684	-12.4547845080552	0	464154.445157574	0.002	0	0.05	0.006	-5	0.02	0.002	-30	0.01	full	rep77
1207	1	3	0.00595085759688257	-2.61546220911064	0.0255625091194105	0.000196071522469754	6.86029827793928	0.0255625091194105	0.00379802835587901	-15.2802706605684	0.0255625091194105	464154.20976266	0.002	0	0.05	0.006	-5	0.02	0.002	-30	0.01	reduced	rep77
3273	1	3	0.00681247972116285	-4.58525010985572	0.0283983024335181	0.00203135646008192	-38.2357498536742	0.0266851649188264	0.0012528625579826	1.15032620494452	0	458881.666589798	0.002	0	0.05	0.006	-5	0.02	0.002	-30	0.01	full	rep78
1471	1	3	0.00201106930183309	-38.6607387502398	0.0243847389360256	0.00669838859547719	-4.66432350141874	0.0243847389360256	0.00138894327737412	0.818816253023291	0.0243847389360256	458881.658463868	0.002	0	0.05	0.006	-5	0.02	0.002	-30	0.01	reduced	rep78
1227	1	3	0.00453067236727927	-7.05436514967809	0	0.00175491428163303	-47.3907664159823	0.0381174051104648	0.00392297170648976	-1.32801298350307	0.0480789814647505	459394.560578337	0.002	0	0.05	0.006	-5	0.02	0.002	-30	0.01	full	rep79
696	1	3	0.00203280990276742	-38.0373392110363	0.0243100968964252	0.00244379238449667	-0.350126752148956	0.0243100968964252	0.00567515832849097	-5.48677521298322	0.0243100968964252	459394.348145287	0.002	0	0.05	0.006	-5	0.02	0.002	-30	0.01	reduced	rep79
3806	1	3	0.00516082813802458	-7.61241761024031	0.0220295495556612	0.00116125575701698	-40.0093543747924	0	0.00367604357004685	-1.10297859390057	0.0349076218378066	460841.317675574	0.002	0	0.05	0.006	-5	0.02	0.002	-30	0.01	full	rep80
955	1	3	0.00567374417164543	-6.67834924715097	0.0253528417014431	0.00293059213935035	-0.563884863494451	0.0253528417014431	0.00136216030038555	-33.4056778277122	0.0253528417014431	460840.320926941	0.002	0	0.05	0.006	-5	0.02	0.002	-30	0.01	reduced	rep80
408	1	3	0.00689716245420974	-4.32358997189642	0.0328869296336236	0.00110259147748744	1.39484935203283	0	0.00208361405976798	-33.6271392309586	0	463097.737212282	0.002	0	0.05	0.006	-5	0.02	0.002	-30	0.01	full	rep81
594	1	3	0.00710866858465241	-3.69547381911069	0.0233258192549156	0.00239816305458992	-28.3089514203007	0.0233258192549156	0.000533439111588103	4.12375351748705	0.0233258192549156	463096.89897579	0.002	0	0.05	0.006	-5	0.02	0.002	-30	0.01	reduced	rep81
2648	1	3	0.00354965860427172	-1.24237449595464	0.0639647343223151	0.00193311098186504	-36.6288192985075	0	0.0046476258580936	-6.1588514675169	0	460461.926665259	0.002	0	0.05	0.006	-5	0.02	0.002	-30	0.01	full	rep82
1320	1	3	0.000538204475039377	3.78771957483709	0.0234033315371384	0.00268984061712633	-25.9512265932266	0.0234033315371384	0.00683121360743535	-3.61157526723037	0.0234033315371384	460461.246410712	0.002	0	0.05	0.006	-5	0.02	0.002	-30	0.01	reduced	rep82
3019	1	3	0.00029039567517159	10	0.0264878903269749	0.00343078517838197	-18.3618309886679	0.0411255969237884	0.00621558435851928	-2.95237883542807	0.0133840838153624	460271.412128571	0.002	0	0.05	0.006	-5	0.02	0.002	-30	0.01	full	rep83
951	1	3	0.00630817207133645	-2.9803865915615	0.0232238715350941	0.00333620254279486	-18.5144739494809	0.0232238715350941	0.000292984951487622	7.06074515889729	0.0232238715350941	460271.402869261	0.002	0	0.05	0.006	-5	0.02	0.002	-30	0.01	reduced	rep83
870	1	3	0.00524671336539859	-5.24140763880125	0	0.00224321710176096	-40.8702279995389	0.0304068031162398	0.00275358523519165	-0.777758701571009	0.0733864516092485	459618.515604526	0.002	0	0.05	0.006	-5	0.02	0.002	-30	0.01	full	rep84
1329	1	3	0.00229426007684982	-39.8302019683589	0.0262409412491413	0.00171638628298597	0.316391542744928	0.0262409412491413	0.00622723987972565	-4.70337954726456	0.0262409412491413	459618.527613093	0.002	0	0.05	0.006	-5	0.02	0.002	-30	0.01	reduced	rep84
3808	1	3	0.00278720984911248	-0.817390140959115	0.0836831815307019	0.00531574855400146	-5.48159066752632	0	0.00169169701399991	-28.8009600665231	0	456402.367079836	0.002	0	0.05	0.006	-5	0.02	0.002	-30	0.01	full	rep85
506	1	3	0.00649740395060843	-3.10971791744903	0.0238238645118153	0.000305296888012572	7.42984834149456	0.0238238645118153	0.00291496030768108	-18.0309367702844	0.0238238645118153	456402.104816134	0.002	0	0.05	0.006	-5	0.02	0.002	-30	0.01	reduced	rep85
3019	1	3	0.000349313835789204	10	0.0243531100812602	0.00297792312376263	-23.0126245147049	0.0580084208173451	0.00670164533100952	-3.24944201237533	0.00977061555512252	462875.152870047	0.002	0	0.05	0.006	-5	0.02	0.002	-30	0.01	full	rep86
1329	1	3	0.00286980750830668	-23.0138113177716	0.0238856175648396	0.000359935637005587	5.96114601009771	0.0238856175648396	0.00679293250768066	-3.26574659099313	0.0238856175648396	462874.931743416	0.002	0	0.05	0.006	-5	0.02	0.002	-30	0.01	reduced	rep86
4502	1	3	0.00651370341876686	-4.52210038280813	0	0.00146937214157062	0.414648160876856	0.152648997278084	0.00196381593485483	-30.7449984471888	0	459412.119090806	0.002	0	0.05	0.006	-5	0.02	0.002	-30	0.01	full	rep87
951	1	3	0.00700695261279324	-3.67058782340097	0.0230627925112204	0.00241717196699308	-25.1355143853282	0.0230627925112204	0.000487966978508867	5.15208229726965	0.0230627925112204	459411.852850869	0.002	0	0.05	0.006	-5	0.02	0.002	-30	0.01	reduced	rep87
2111	1	3	0.00157057762901701	-37.8879691544657	0	0.00534147268023967	-5.71954914121054	0.00989358373770154	0.00303342830177239	-0.909162966282562	0.0587358542893015	461579.332822824	0.002	0	0.05	0.006	-5	0.02	0.002	-30	0.01	full	rep88
77	1	3	0.00126964735122669	1.15177215875102	0.0244689101060435	0.00686973454589245	-4.53040388164637	0.0244689101060435	0.00181030482463115	-34.5890735888639	0.0244689101060435	461579.068449667	0.002	0	0.05	0.006	-5	0.02	0.002	-30	0.01	reduced	rep88
2583	1	3	0.00483074675094552	-1.74413538204465	0.0514606165915677	0.00433129080087462	-9.17399591838327	0	0.00243372832024535	-250	0	462272.434707691	0.002	0	0.05	0.006	-5	0.02	0.002	-30	0.01	full	rep89
491	1	3	0.00600240765070661	-7.06541312240807	0.0266000374587226	0.00305300608715621	-0.605848985627499	0.0266000374587226	0.00270431275504141	-250	0.0266000374587226	462269.471726191	0.002	0	0.05	0.006	-5	0.02	0.002	-30	0.01	reduced	rep89
3383	1	3	0.000106430068051311	10	0	0.00651870113902514	-2.67125830975292	0.0365546296998146	0.00324757317297077	-18.1456136498718	0	460788.437429206	0.002	0	0.05	0.006	-5	0.02	0.002	-30	0.01	full	rep90
196	1	3	0.00317572306398056	-18.8608722549635	0.0247830764007177	0.00650940309218087	-2.84990369494815	0.0247830764007177	0.000197540676522775	10	0.0247830764007177	460788.159139929	0.002	0	0.05	0.006	-5	0.02	0.002	-30	0.01	reduced	rep90
1507	1	3	0.000977827112233141	-61.6839127358326	0.0474430430981368	0.0039453398038084	-11.0500527218881	0	0.00529206097296957	-1.93919178123407	0.0418114758054264	462052.770257754	0.002	0	0.05	0.006	-5	0.02	0.002	-30	0.01	full	rep91
262	1	3	0.00150449679662115	-40.3892526124071	0.0261073754430483	0.00394520791587331	-1.24628585048365	0.0261073754430483	0.00472099955368988	-7.80734809114331	0.0261073754430483	462052.543223558	0.002	0	0.05	0.006	-5	0.02	0.002	-30	0.01	reduced	rep91
4676	1	3	0.00489583918390716	-6.96235009320872	0	0.00164776971837137	-83.4484123571172	0	0.00381583808724182	-1.2185098642469	0.0603694917777787	459708.854582228	0.002	0	0.05	0.006	-5	0.02	0.002	-30	0.01	full	rep92
996	1	3	0.00162358532067063	0.849970800934155	0.0245346388886133	0.00676512044812268	-5.07253669666477	0.0245346388886133	0.00182304092603393	-57.367004618115	0.0245346388886133	459707.13000223	0.002	0	0.05	0.006	-5	0.02	0.002	-30	0.01	reduced	rep92
3832	1	3	0.00223236647387694	-0.213805940715442	0.0161905033209624	0.00621137881639672	-5.58258540526766	0.0352301152783485	0.00153658272884719	-37.0285999236237	0	459827.641447018	0.002	0	0.05	0.006	-5	0.02	0.002	-30	0.01	full	rep93
951	1	3	0.00663774780304144	-5.03460657321838	0.0267161764001218	0.00170187366465727	-34.4527356178354	0.0267161764001218	0.00164063714113208	0.459351085780244	0.0267161764001218	459827.404804697	0.002	0	0.05	0.006	-5	0.02	0.002	-30	0.01	reduced	rep93
2378	1	3	0.0015413871246489	0.647991898155796	0	0.00204016721914808	-30.4151139408464	0	0.00641855798776862	-4.70525571208566	0.0363065988005191	460558.055269659	0.002	0	0.05	0.006	-5	0.02	0.002	-30	0.01	full	rep94
1613	1	3	0.00681139363473555	-4.01572836411442	0.0242820388411231	0.000842764817532318	2.27991970830329	0.0242820388411231	0.00233382899172472	-27.2188750732348	0.0242820388411231	460557.873329797	0.002	0	0.05	0.006	-5	0.02	0.002	-30	0.01	reduced	rep94
542	1	3	0.00450052413319808	-7.8619087746953	0	0.0042174381920904	-1.39887490142889	0.0511786115924758	0.00135282735201649	-56.537572985551	0	457657.816953132	0.002	0	0.05	0.006	-5	0.02	0.002	-30	0.01	full	rep95
995	1	3	0.00632529936789938	-5.07338676582643	0.0230216887300349	0.0017604797474405	0.595714604007899	0.0230216887300349	0.00189604264232368	-35.690166079111	0.0230216887300349	457657.168593973	0.002	0	0.05	0.006	-5	0.02	0.002	-30	0.01	reduced	rep95
503	1	3	0.000964972231888455	-93.9329469283774	0	0.00497205821601686	-1.71253753311931	0.0450198144245963	0.004306284897796	-10.4279123919547	0	461046.812929048	0.002	0	0.05	0.006	-5	0.02	0.002	-30	0.01	full	rep96
225	1	3	0.00550783387585882	-7.40216413598845	0.0240213979142259	0.00131794935960996	-54.7793576133051	0.0240213979142259	0.00332600216862627	-0.710213201200858	0.0240213979142259	461045.075448517	0.002	0	0.05	0.006	-5	0.02	0.002	-30	0.01	reduced	rep96
4844	1	3	0.00330036390308217	-22.8363305506873	0.0776747479340333	0.000364983000622502	10	0	0.00643425626500859	-3.17018733007787	0.00215722239384392	461098.291815567	0.002	0	0.05	0.006	-5	0.02	0.002	-30	0.01	full	rep97
1385	1	3	0.000603047725534967	2.69910757105149	0.0253749287109094	0.00648906217361129	-3.44186692987241	0.0253749287109094	0.00300322133420346	-23.6892831642011	0.0253749287109094	461097.759239977	0.002	0	0.05	0.006	-5	0.02	0.002	-30	0.01	reduced	rep97
3020	1	3	0.00292668290034358	-0.394980864327732	0	0.00105934274454636	-84.9818339403776	0	0.00609495052057224	-7.1016874914188	0.0427835937643404	458587.497598604	0.002	0	0.05	0.006	-5	0.02	0.002	-30	0.01	full	rep98
1150	1	3	0.00566459672351877	-7.41983482894565	0.0271468599094448	0.0033581822078238	-0.790203007844894	0.0271468599094448	0.00104852618433444	-83.0586737611056	0.0271468599094448	458587.393959644	0.002	0	0.05	0.006	-5	0.02	0.002	-30	0.01	reduced	rep98
2105	1	3	0.00668974526053015	-5.52119257585124	0.0347118617433747	0.0016253645008996	-46.3483341879996	0	0.0018619159683447	0.439529083218627	0	462683.895284521	0.002	0	0.05	0.006	-5	0.02	0.002	-30	0.01	full	rep99
469	1	3	0.00689527570266646	-5.01307783511256	0.0240500240650472	0.00180159220587048	-39.7287331420733	0.0240500240650472	0.00144652161075239	1.02090613812808	0.0240500240650472	462683.681224205	0.002	0	0.05	0.006	-5	0.02	0.002	-30	0.01	reduced	rep99
4756	1	3	0.00403271583617477	-12.0302970362707	0	0.00110182253967498	-157.95132024945	0	0.00538326188769087	-1.95633372319839	0.0439962096894952	458612.328834842	0.002	0	0.05	0.006	-5	0.02	0.002	-30	0.01	full	rep100
1553	1	3	0.00367311782759748	-18.1690544828718	0.0237116557328779	0.000179981419921515	10	0.0237116557328779	0.00610077066375698	-2.63635610926067	0.0237116557328779	458610.612067667	0.002	0	0.05	0.006	-5	0.02	0.002	-30	0.01	reduced	rep100
