run	imp	exit_code	theta_1	gamma_1	e_1	theta_2	gamma_2	e_2	theta_3	gamma_3	e_3	lnL	sim_theta_1	sim_gamma_1	sim_e_1	sim_theta_2	sim_gamma_2	sim_e_2	sim_theta_3	sim_gamma_3	sim_e_3	model	rep
2798	1	3	0.00275870005707158	-26.8602394113814	0.0786560782944557	0.000375997468189522	10	0	0.00691527878692583	-3.48718049525786	0.00594563737022941	459453.207924125	0.002	0	0.05	0.006	-5	0.02	0.002	-30	0.01	full	rep1
946	1	3	0.00280838666235068	-23.5292134921851	0	0.00666472748354504	-3.18670484114346	0	0.000283951070360438	200	0	459430.096032585	0.002	0	0.05	0.006	-5	0.02	0.002	-30	0.01	reduced	rep1
4689	1	3	0.00437742047930432	-4.84102119172468	0	0.00271461638801055	-24.5671666850541	0.0146897486589233	0.00296085720266468	-1.02402701675963	0.0680375240719868	459413.723535667	0.002	0	0.05	0.006	-5	0.02	0.002	-30	0.01	full	rep2
1896	1	3	0.000276641261162912	200	0	0.00635864633351635	-2.98473033316033	0	0.0031674660608614	-22.0171146559316	0	459391.304635184	0.002	0	0.05	0.006	-5	0.02	0.002	-30	0.01	reduced	rep2
526	1	3	0.00333139199197671	-16.3859253668205	0.0718438679848605	0.000419514190017926	7.81914310497024	0	0.00614276399498133	-3.17765791844998	0	464777.666628228	0.002	0	0.05	0.006	-5	0.02	0.002	-30	0.01	full	rep3
1818	1	3	0.00339299480508477	-15.6125419493992	0	0.000275548018986268	200	0	0.00598809073151452	-2.82149631842202	0	464760.196503101	0.002	0	0.05	0.006	-5	0.02	0.002	-30	0.01	reduced	rep3
3147	1	3	0.00679735665831166	-5.42273529748073	0.0339945215560831	0.00170404110342663	-47.3866893186288	0	0.0016402084956434	0.934027651348406	0	458173.202691869	0.002	0	0.05	0.006	-5	0.02	0.002	-30	0.01	full	rep4
1465	1	3	0.00337647054907457	-17.630010518484	0	0.000290505759656812	200	0	0.00597269460659445	-2.859469303528	0	458155.424269123	0.002	0	0.05	0.006	-5	0.02	0.002	-30	0.01	reduced	rep4
4915	1	3	0.000275117433619293	10	0.000492987385015278	0.00683095856355341	-3.16499162320158	0.0164779712621802	0.00283805818122021	-25.7050805885445	0.05302666677599	456118.906564186	0.002	0	0.05	0.006	-5	0.02	0.002	-30	0.01	full	rep5
849	1	3	0.00675802513793757	-3.20853251462044	0	0.00263803345831486	-26.5814673749429	0	0.000295092663531337	200	0	456094.337088162	0.002	0	0.05	0.006	-5	0.02	0.002	-30	0.01	reduced	rep5
2840	1	3	0.00293239402035139	-23.4638846743353	0.0801633686890598	0.000400490028963488	10	0.00584328001775743	0.0067531720118141	-3.40452194025607	1.45310165090251e-05	465596.202600164	0.002	0	0.05	0.006	-5	0.02	0.002	-30	0.01	full	rep6
160	1	3	0.000268398510788324	200	0	0.00646407985357751	-2.99505461032086	0	0.00308460344058645	-20.2638942244825	0	465577.628086666	0.002	0	0.05	0.006	-5	0.02	0.002	-30	0.01	reduced	rep6
3481	1	3	0.00656714199194032	-3.24835200269027	0.00762393468341394	0.00322064597731792	-23.9789419311017	0.0653326694163266	0.000346276128779254	10	0.00150157635696472	460248.493991571	0.002	0	0.05	0.006	-5	0.02	0.002	-30	0.01	full	rep7
296	1	3	0.00028911823504048	200	0	0.00643399064139768	-3.08626059250979	0	0.00313569062669739	-22.8307162802187	0	460221.93511413	0.002	0	0.05	0.006	-5	0.02	0.002	-30	0.01	reduced	rep7
2205	1	3	0.00438629154154304	-1.47395530853066	0.0385188950029452	0.00127481311235245	-160.36564672666	0	0.00488999406851408	-9.18335889543872	0.0163811583171184	459762.318273157	0.002	0	0.05	0.006	-5	0.02	0.002	-30	0.01	full	rep8
1857	1	3	0.00315892558097456	-18.4422530293744	0	0.00620418582517757	-2.97147128733498	0	0.000289562833221894	200	0	459737.871842139	0.002	0	0.05	0.006	-5	0.02	0.002	-30	0.01	reduced	rep8
1729	1	3	0.00660562095086005	-2.74659350851131	0.0254494393513991	0.000151853825370992	10	0.000658635564538446	0.00313656716748058	-19.9263992842502	0.0188722118062814	461452.569025056	0.002	0	0.05	0.006	-5	0.02	0.002	-30	0.01	full	rep9
772	1	3	0.00664899020309562	-3.04266565305973	0	0.00278181049477116	-22.7665272521975	0	0.000272121873289272	200	0	461435.475165782	0.002	0	0.05	0.006	-5	0.02	0.002	-30	0.01	reduced	rep9
3115	1	3	0.00558452196599747	-4.81900721446129	0	0.00221777505235811	-0.367835501175858	0.10000686843562	0.00224432532693444	-27.8581149209416	0	462611.473873907	0.002	0	0.05	0.006	-5	0.02	0.002	-30	0.01	full	rep10
1251	1	3	0.00331074474661698	-18.7756475301347	0	0.000280613568445809	200	0	0.00614751700193354	-2.84976400489866	0	462598.394441157	0.002	0	0.05	0.006	-5	0.02	0.002	-30	0.01	reduced	rep10
4200	1	3	0.00499308048422622	-7.50653575306945	0	0.00388967640466456	-1.25542307848851	0.0600283449944039	0.00115433708470157	-57.4157901518417	0	460283.981612721	0.002	0	0.05	0.006	-5	0.02	0.002	-30	0.01	full	rep11
925	1	3	0.00327766996818425	-16.2545685122782	0	0.000289177210580395	200	0	0.00598977068845987	-2.82877408622546	0	460266.709410088	0.002	0	0.05	0.006	-5	0.02	0.002	-30	0.01	reduced	rep11
3156	1	3	0.000603593021825566	4.45419940949966	0.346283179770973	0.00210921855162383	-36.6316368287225	0	0.0074208287070926	-4.04368245182582	0	463532.112295247	0.002	0	0.05	0.006	-5	0.02	0.002	-30	0.01	full	rep12
58	1	3	0.00649095105018693	-3.05364599853924	0	0.00296714822439042	-20.8553558512259	0	0.0002926012924967	200	0	463520.551907171	0.002	0	0.05	0.006	-5	0.02	0.002	-30	0.01	reduced	rep12
2509	1	3	0.0021632064829789	-28.4483755351541	0.0388694910251074	0.00151777394151306	0.980633015853999	0.00344628004709659	0.00635055828093697	-4.7607441972007	0.0278742079752394	461791.161052391	0.002	0	0.05	0.006	-5	0.02	0.002	-30	0.01	full	rep13
600	1	3	0.00320088738429181	-18.8862189253069	0	0.00619597747928547	-2.90257066547317	0	0.000292881881269933	200	0	461768.911626639	0.002	0	0.05	0.006	-5	0.02	0.002	-30	0.01	reduced	rep13
2964	1	3	0.0050366796354335	-7.57024668017258	0	0.00392404279179314	-1.32748487479574	0.0574617490266266	0.00124660730727079	-68.4505453364996	0.0152655327086518	462013.976849038	0.002	0	0.05	0.006	-5	0.02	0.002	-30	0.01	full	rep14
88	1	3	0.000287536157671159	200	0	0.0031190851122209	-17.7939753397515	0	0.00624813665421292	-2.9876651591728	0	461990.145872954	0.002	0	0.05	0.006	-5	0.02	0.002	-30	0.01	reduced	rep14
431	1	3	0.000312524732831863	6.15080261719784	0.0100693405904272	0.00623095508237678	-2.96269904293761	0.024829143772008	0.00315992329190968	-16.4479170894295	0.0243746103005106	456677.235342945	0.002	0	0.05	0.006	-5	0.02	0.002	-30	0.01	full	rep15
1979	1	3	0.00311888315569562	-16.5694591382461	0	0.00607039847114643	-2.88571464851474	0	0.00028605817749527	200	0	456663.174372687	0.002	0	0.05	0.006	-5	0.02	0.002	-30	0.01	reduced	rep15
1731	1	3	0.00649625628797749	-4.9660491430496	0.0218300276936715	0.00169111124947022	0.359932027465711	0.0539133066353941	0.00199706991547718	-39.1144697660581	0	460925.039932172	0.002	0	0.05	0.006	-5	0.02	0.002	-30	0.01	full	rep16
638	1	3	0.000291519813689505	200	0	0.00299389398967705	-22.449247310591	0	0.00651704919319988	-3.121258785967	0	460904.335541133	0.002	0	0.05	0.006	-5	0.02	0.002	-30	0.01	reduced	rep16
675	1	3	0.0026741298241141	-22.9114534346448	0.0631030722687164	0.000543214570066225	4.7607633931863	0.195474922386362	0.00677084481145647	-3.5463019860084	0	464841.64393965	0.002	0	0.05	0.006	-5	0.02	0.002	-30	0.01	full	rep17
193	1	3	0.000296046069404392	200	0	0.00286334867098942	-20.4250346837705	0	0.00653771097246775	-3.03616875281265	0	464809.832932324	0.002	0	0.05	0.006	-5	0.02	0.002	-30	0.01	reduced	rep17
1831	1	3	0.00485427663096129	-7.77567398678586	0	0.00379351678358704	-1.16498809011922	0.0460944056630419	0.00139529153692902	-34.6046967116284	0.0582641959259837	460081.705669512	0.002	0	0.05	0.006	-5	0.02	0.002	-30	0.01	full	rep18
1707	1	3	0.000271434406449582	200	0	0.00589295355452735	-2.81147056929911	0	0.00354710677963146	-16.9454424925966	0	460051.04756595	0.002	0	0.05	0.006	-5	0.02	0.002	-30	0.01	reduced	rep18
3303	1	3	0.00561735368012802	-5.51813187684064	0	0.00176726480062948	-51.3842680445539	0	0.00281780998016299	-0.906006169537318	0.0805926668412183	461667.008179611	0.002	0	0.05	0.006	-5	0.02	0.002	-30	0.01	full	rep19
1259	1	3	0.00683115379421304	-3.21242117285662	0	0.0026368490598906	-24.8091017557298	0	0.000284766444960301	200	0	461650.735524462	0.002	0	0.05	0.006	-5	0.02	0.002	-30	0.01	reduced	rep19
1865	1	3	0.000565383847044748	4.63689320655954	0.222687628114585	0.00694924877995035	-3.75814036449711	0	0.00266698546199515	-28.8890284899392	0.0494957367554563	463082.621155836	0.002	0	0.05	0.006	-5	0.02	0.002	-30	0.01	full	rep20
418	1	3	0.00652917222448907	-3.07039015740186	0	0.000284277094184928	200	0	0.00305011856293675	-22.8965043401907	0	463059.909405467	0.002	0	0.05	0.006	-5	0.02	0.002	-30	0.01	reduced	rep20
1183	1	3	0.00203787618485113	-46.6523373036813	0	0.00259445174804037	-0.785374968218518	0.0914666207898485	0.00562165979446406	-5.20385675704883	0	460320.60118784	0.002	0	0.05	0.006	-5	0.02	0.002	-30	0.01	full	rep21
1201	1	3	0.000296807050219993	200	0	0.00274482552318566	-27.5352207228131	0	0.00680180572632245	-3.22454682861751	0	460305.719320467	0.002	0	0.05	0.006	-5	0.02	0.002	-30	0.01	reduced	rep21
2063	1	3	0.006302991098263	-2.81935967358874	0.0224751167223989	0.000207836099891443	10	0	0.003441242514826	-19.5953041693775	0.0277271012614851	457365.710640412	0.002	0	0.05	0.006	-5	0.02	0.002	-30	0.01	full	rep22
660	1	3	0.00315873056752869	-21.0055997420889	0	0.000283106443561212	200	0	0.00629137571366594	-3.00553883185073	0	457347.761735897	0.002	0	0.05	0.006	-5	0.02	0.002	-30	0.01	reduced	rep22
1510	1	3	0.00210350204217289	-26.9376917055131	0	0.00556750976467936	-5.28596686407606	0.0443250892051897	0.0023534043547077	-0.206555797384182	0	463079.600967261	0.002	0	0.05	0.006	-5	0.02	0.002	-30	0.01	full	rep23
287	1	3	0.00308481321769686	-20.3080943669529	0	0.00637243901164908	-2.9794677468443	0	0.000290723871836898	200	0	463058.968238092	0.002	0	0.05	0.006	-5	0.02	0.002	-30	0.01	reduced	rep23
3207	1	3	0.00416943964392553	-9.50072475253985	0.0135341466249532	0.00489861856434868	-1.69375909786303	0.0396827099296278	0.000888017212463806	-56.5081536488732	0	460080.530894376	0.002	0	0.05	0.006	-5	0.02	0.002	-30	0.01	full	rep24
1776	1	3	0.00635147195091049	-2.95949366845811	0	0.000290894514388755	200	0	0.00293339452537404	-19.064125646125	0	460062.217475872	0.002	0	0.05	0.006	-5	0.02	0.002	-30	0.01	reduced	rep24
3082	1	3	0.00571769530595969	-3.57766686861072	0	0.00147925708959272	-0.494297217409594	0.163383563377004	0.00271247025836985	-21.175715477967	0	462138.117541121	0.002	0	0.05	0.006	-5	0.02	0.002	-30	0.01	full	rep25
426	1	3	0.00275813162331464	-21.7513643919543	0	0.00663372084010594	-3.1115187619393	0	0.00029189203504456	200	0	462117.924012601	0.002	0	0.05	0.006	-5	0.02	0.002	-30	0.01	reduced	rep25
1224	1	3	0.00188632561094731	-35.1117157256265	0	0.00372487146918955	-1.31383770656243	0.0653809947227004	0.00447825188754832	-6.11086674260179	0	462716.426705736	0.002	0	0.05	0.006	-5	0.02	0.002	-30	0.01	full	rep26
594	1	3	0.00656077311772526	-3.07341252776666	0	0.00289633900421532	-22.4128426795603	0	0.000298242610939915	200	0	462699.95455468	0.002	0	0.05	0.006	-5	0.02	0.002	-30	0.01	reduced	rep26
4741	1	3	0.000382092501353172	7.3562176630834	0.0491215535074333	0.00300838532200267	-22.4084892930585	0.0381124479712161	0.00665626973050768	-3.29562059206639	0.0171344530193955	462616.254685051	0.002	0	0.05	0.006	-5	0.02	0.002	-30	0.01	full	rep27
879	1	3	0.000297761220491178	200	0	0.00318222643422281	-20.1506389240946	0	0.00629371501380837	-2.98294111863182	0	462599.124800816	0.002	0	0.05	0.006	-5	0.02	0.002	-30	0.01	reduced	rep27
1725	1	3	0.00226533293638421	-250	0	0.00396862742489066	-1.29484354784827	0.0575248394759935	0.00521048582725951	-8.02136804728893	0	462833.01603743	0.002	0	0.05	0.006	-5	0.02	0.002	-30	0.01	full	rep28
812	1	3	0.00331420260099689	-17.5376225757425	0	0.000284686770558462	200	0	0.00610286091669683	-2.88951741765282	0	462817.280135036	0.002	0	0.05	0.006	-5	0.02	0.002	-30	0.01	reduced	rep28
2135	1	3	0.00743538831443921	-4.07387151562696	0	0.00231746731059365	-44.0096704322636	0.0463950852870506	0.000625522759528519	4.26800923934418	0.26319522471543	465006.589289194	0.002	0	0.05	0.006	-5	0.02	0.002	-30	0.01	full	rep29
1960	1	3	0.00685902005755792	-3.24458673324427	0	0.00275988510127286	-27.0147153551767	0	0.000301706692785177	200	0	464980.194782942	0.002	0	0.05	0.006	-5	0.02	0.002	-30	0.01	reduced	rep29
4819	1	3	0.00485565033566635	-9.23826244572497	0	0.00080728574856647	-113.589465580617	0.0238415779732861	0.00451389685804609	-1.52266450460532	0.0493137921860601	463327.184537893	0.002	0	0.05	0.006	-5	0.02	0.002	-30	0.01	full	rep30
1217	1	3	0.00346444397508521	-15.2218749288985	0	0.000278137270624639	200	0	0.00586556197182943	-2.74969257190368	0	463305.968496052	0.002	0	0.05	0.006	-5	0.02	0.002	-30	0.01	reduced	rep30
2123	1	3	0.00600180568724998	-4.44937790400069	0.0371594096005416	0.00243753986417834	-25.3699139280337	0	0.00158042440467811	0.553472562271463	0.00877445911841803	461711.812677526	0.002	0	0.05	0.006	-5	0.02	0.002	-30	0.01	full	rep31
1233	1	3	0.00324526389802854	-19.8201822851956	0	0.000290107482425826	200	0	0.00620663907371511	-2.88489486928875	0	461704.367647457	0.002	0	0.05	0.006	-5	0.02	0.002	-30	0.01	reduced	rep31
1987	1	3	0.00388971925570158	-6.98294248262191	0	0.00197216685475087	-31.898919246166	0	0.00426824649042197	-1.56554446364989	0.0577654505517799	461531.221288581	0.002	0	0.05	0.006	-5	0.02	0.002	-30	0.01	full	rep32
1932	1	3	0.00314449835803394	-21.4741413779638	0	0.000298044358291551	200	0	0.00637482681061016	-3.05739710874273	0	461514.978668502	0.002	0	0.05	0.006	-5	0.02	0.002	-30	0.01	reduced	rep32
1930	1	3	0.000222088338940755	10	0.00885784777358696	0.00635581467727768	-2.82745404229925	0.0227157799303605	0.00326458838555952	-17.89447058448	0.0276252517485009	460217.812150902	0.002	0	0.05	0.006	-5	0.02	0.002	-30	0.01	full	rep33
996	1	3	0.00300304338439967	-19.10621862275	0	0.000290240490410765	200	0	0.00632945163925431	-2.98369906763743	0	460201.474664537	0.002	0	0.05	0.006	-5	0.02	0.002	-30	0.01	reduced	rep33
3127	1	3	0.0040509620705165	-1.28817290216887	0.0417293031498593	0.00511194082633444	-8.12219136734125	0.0119865768547908	0.000944574065331553	-101.754984114869	0	460938.34329329	0.002	0	0.05	0.006	-5	0.02	0.002	-30	0.01	full	rep34
405	1	3	0.00319356260202359	-15.4444298898733	0	0.00603355881065732	-2.81655889409319	0	0.000275110671191601	200	0	460923.547026789	0.002	0	0.05	0.006	-5	0.02	0.002	-30	0.01	reduced	rep34
2850	1	3	0.00510079764739037	-1.79379144443807	0.043353999118856	0.00128954281098427	-27.6929624884658	0	0.00357947414572513	-9.65601121660899	0	464160.325804529	0.002	0	0.05	0.006	-5	0.02	0.002	-30	0.01	full	rep35
1096	1	3	0.00339511140347133	-17.585836270998	0	0.000265513258317501	200	0	0.00607309709965564	-2.77523447664732	0	464153.462201283	0.002	0	0.05	0.006	-5	0.02	0.002	-30	0.01	reduced	rep35
329	1	3	0.002489719440839	-0.388361720553858	0.085497891613103	0.00167616032753872	-49.3375818465623	0	0.0059987718320131	-5.542661785272	0	463906.8731383	0.002	0	0.05	0.006	-5	0.02	0.002	-30	0.01	full	rep36
942	1	3	0.000275613301431694	200	0	0.00622943334758433	-2.83144991752411	0	0.00315864724715208	-18.1687318017851	0	463893.811793427	0.002	0	0.05	0.006	-5	0.02	0.002	-30	0.01	reduced	rep36
2258	1	3	0.000719577986734414	2.07082629947785	0.301361313432202	0.00298124294439871	-24.7726928264795	0	0.00642223182645388	-3.45699136046406	0	462599.536103832	0.002	0	0.05	0.006	-5	0.02	0.002	-30	0.01	full	rep37
503	1	3	0.00608091544937201	-2.74684330893424	0	0.000279947910111385	200	0	0.00349412755929192	-20.6281233221733	0	462595.45257501	0.002	0	0.05	0.006	-5	0.02	0.002	-30	0.01	reduced	rep37
603	1	3	0.00201023578393476	-26.2002589765112	0	0.00347023865698318	-0.920327571331147	0.0138536439601114	0.00458349347745139	-6.50497978636014	0.0449240093908391	464766.90328075	0.002	0	0.05	0.006	-5	0.02	0.002	-30	0.01	full	rep38
1661	1	3	0.00029004488481804	200	0	0.00626184791279691	-2.90607145006709	0	0.00323698079959407	-19.6383597953785	0	464745.488126818	0.002	0	0.05	0.006	-5	0.02	0.002	-30	0.01	reduced	rep38
402	1	3	0.00190193795329183	-26.7151772153654	0	0.0017236220454728	0.360563146398458	0	0.00630277162289176	-4.89322451697844	0.038078806569302	461956.491103147	0.002	0	0.05	0.006	-5	0.02	0.002	-30	0.01	full	rep39
1853	1	3	0.000289184620729865	200	0	0.00294218895619553	-18.5789840031175	0	0.00640655805064063	-3.05905721537196	0	461942.256992664	0.002	0	0.05	0.006	-5	0.02	0.002	-30	0.01	reduced	rep39
1780	1	3	0.00546738271670694	-6.93279191637707	0	0.0033000415117176	-0.957453664727407	0.0627214383475775	0.00137668048780434	-69.0837418502436	0.042818125986386	455389.640001147	0.002	0	0.05	0.006	-5	0.02	0.002	-30	0.01	full	rep40
462	1	3	0.000287724017250268	200	0	0.00310340790286717	-17.9610927665716	0	0.00615251478262862	-2.98131896289288	0	455360.824780053	0.002	0	0.05	0.006	-5	0.02	0.002	-30	0.01	reduced	rep40
3147	1	3	0.00652109806639777	-5.20417838739481	0.0339940489918003	0.00169438165434375	-43.8237914418177	0	0.00187558764229705	0.368450531803192	0	462902.771847048	0.002	0	0.05	0.006	-5	0.02	0.002	-30	0.01	full	rep41
1780	1	3	0.000273517699266872	200	0	0.00285537861146242	-21.0381565477376	0	0.00655825412689148	-2.99582054104798	0	462886.453686841	0.002	0	0.05	0.006	-5	0.02	0.002	-30	0.01	reduced	rep41
3147	1	3	0.00590274578094124	-2.95106227562966	0.0367074139765776	0.00352167032491057	-13.6667230580991	0	0.000385910088748913	3.61688545200991	0	464210.223089993	0.002	0	0.05	0.006	-5	0.02	0.002	-30	0.01	full	rep42
1639	1	3	0.00563186952290767	-2.71582842437351	0	0.00369209334761418	-13.4656414169902	0	0.000274066751734218	200	0	464195.157786468	0.002	0	0.05	0.006	-5	0.02	0.002	-30	0.01	reduced	rep42
3447	1	3	0.00389360960177211	-11.6565305531659	0.000828877210268035	0.00560522217016089	-2.0704338997466	0.0421683843362171	0.000447775091858824	-161.85355039092	0	460079.315195872	0.002	0	0.05	0.006	-5	0.02	0.002	-30	0.01	full	rep43
825	1	3	0.00279883904613953	-17.9026715010881	0	0.00643375414015027	-3.0260976287601	0	0.000280877214447354	200	0	460063.4624862	0.002	0	0.05	0.006	-5	0.02	0.002	-30	0.01	reduced	rep43
1523	1	3	0.00170958589834624	-152.426704472085	0.0358573226093907	0.00407523045054579	-1.35013416476462	0.0529374191848484	0.00502721125706414	-7.99775087798337	0	462655.248523793	0.002	0	0.05	0.006	-5	0.02	0.002	-30	0.01	full	rep44
834	1	3	0.000284549376749002	200	0	0.0030428029475192	-19.8360540809334	0	0.00639353760953902	-3.00520010858191	0	462626.851096588	0.002	0	0.05	0.006	-5	0.02	0.002	-30	0.01	reduced	rep44
62	1	3	0.0016245775342621	-50.314718063093	0	0.00464778340307985	-1.61184616023403	0.0462977066326497	0.00387874002001569	-8.25385967565221	0.00608364413329953	457190.286927219	0.002	0	0.05	0.006	-5	0.02	0.002	-30	0.01	full	rep45
887	1	3	0.00640373757434242	-2.96580087086635	0	0.000286694652371125	200	0	0.00304083953577956	-23.45988115621	0	457173.867699799	0.002	0	0.05	0.006	-5	0.02	0.002	-30	0.01	reduced	rep45
2048	1	3	0.00673712352986854	-3.99557746207697	0.0283312842428267	0.000815432731667132	2.34439032246293	0.0042507229962194	0.00231765582508869	-22.9041891534039	0.0139555921034794	459835.576110737	0.002	0	0.05	0.006	-5	0.02	0.002	-30	0.01	full	rep46
648	1	3	0.00314253268562735	-17.3471071879968	0	0.000278949519335723	200	0	0.00617880791672469	-2.93991293633685	0	459824.020629266	0.002	0	0.05	0.006	-5	0.02	0.002	-30	0.01	reduced	rep46
878	1	3	0.0041964793358296	-1.367577438525	0.0520601826561394	0.00507057178786547	-8.59023878049041	0	0.00202749618989697	-250	0.013709007803941	463769.662639839	0.002	0	0.05	0.006	-5	0.02	0.002	-30	0.01	full	rep47
1471	1	3	0.00601750245630504	-2.80847771014021	0	0.00342971724643677	-17.1643840339268	0	0.000276672981253154	200	0	463748.095642696	0.002	0	0.05	0.006	-5	0.02	0.002	-30	0.01	reduced	rep47
3310	1	3	0.00383456219563832	-1.13164066285563	0.0465143258420328	0.00493390008224532	-7.67102715566361	0	0.00104738635041019	-35.1518319888546	0.0970438158997414	459034.719571495	0.002	0	0.05	0.006	-5	0.02	0.002	-30	0.01	full	rep48
1152	1	3	0.0031768118629543	-15.9333333892335	0	0.000287726379445422	200	0	0.00601951992605106	-2.83716926246418	0	458999.400092035	0.002	0	0.05	0.006	-5	0.02	0.002	-30	0.01	reduced	rep48
2550	1	3	0.00676999244683728	-4.7548024054512	0	0.00131371538409867	1.16776500496786	0.117875586981657	0.00178917038081245	-25.3996281199114	0.0535624175933122	461841.750271917	0.002	0	0.05	0.006	-5	0.02	0.002	-30	0.01	full	rep49
713	1	3	0.000283740920382942	200	0	0.00588310719447016	-2.85486383063839	0	0.00337891285448013	-14.4636785167779	0	461821.706534555	0.002	0	0.05	0.006	-5	0.02	0.002	-30	0.01	reduced	rep49
2440	1	3	0.00224706606418139	-23.7118758390667	0	0.00525185344700285	-4.87736624740208	0	0.00244905348187441	-0.643127694087312	0.0931238998746947	462046.819295872	0.002	0	0.05	0.006	-5	0.02	0.002	-30	0.01	full	rep50
1134	1	3	0.00614938342665485	-2.90917083257748	0	0.00324055077363908	-17.6725357925712	0	0.000283968128864786	200	0	462033.854980957	0.002	0	0.05	0.006	-5	0.02	0.002	-30	0.01	reduced	rep50
2054	1	3	0.00313344295503251	-17.3355660422276	0	0.00643166241451459	-2.94434347270793	0.0172000875911705	0.000261218477334646	5.38520471209558	0.5	460339.922238747	0.002	0	0.05	0.006	-5	0.02	0.002	-30	0.01	full	rep51
1258	1	3	0.00645442380331617	-3.09782360553232	0	0.00286130886736276	-19.2828857193871	0	0.000295763216597254	200	0	460322.138769287	0.002	0	0.05	0.006	-5	0.02	0.002	-30	0.01	reduced	rep51
4481	1	3	0.00606099385588801	-2.89263576628015	0.00370200738911474	0.00358286484459633	-17.685762923069	0.0605617252700197	0.000313614326913237	10	0	462248.400379996	0.002	0	0.05	0.006	-5	0.02	0.002	-30	0.01	full	rep52
104	1	3	0.00612633865683671	-2.8678561336755	0	0.000274495038173613	200	0	0.00332652358127113	-18.1503770197671	0	462223.409981559	0.002	0	0.05	0.006	-5	0.02	0.002	-30	0.01	reduced	rep52
1829	1	3	0.00262569235841673	-0.212476119110652	0	0.00153489020198758	-50.8191823319652	0.0158997880636689	0.00593593342684917	-6.32488995867266	0.0381745069763468	457885.701378876	0.002	0	0.05	0.006	-5	0.02	0.002	-30	0.01	full	rep53
1412	1	3	0.00628598434176228	-2.92665261806263	0	0.000281373767773113	200	0	0.00306087328613583	-20.0393006801958	0	457860.099882199	0.002	0	0.05	0.006	-5	0.02	0.002	-30	0.01	reduced	rep53
2736	1	3	0.00198526703857507	-27.98529839397	0.0309776186580664	0.00265290384530257	-0.585968118740038	0.0726025184187469	0.00540427007821498	-5.52138076310274	0	463305.856858354	0.002	0	0.05	0.006	-5	0.02	0.002	-30	0.01	full	rep54
1816	1	3	0.00620833213633182	-2.95146412165995	0	0.00322515765192154	-18.1490484359023	0	0.000287933350939918	200	0	463283.106636172	0.002	0	0.05	0.006	-5	0.02	0.002	-30	0.01	reduced	rep54
2247	1	3	0.00437461296603816	-7.04207574907306	0	0.00168814790356307	-44.5543723171421	0	0.0040281655715965	-1.33337436612169	0.0527935528929513	458931.391000428	0.002	0	0.05	0.006	-5	0.02	0.002	-30	0.01	full	rep55
368	1	3	0.00317096922128455	-20.4268666463593	0	0.000264315875855539	200	0	0.00625202820219684	-2.83185054270736	0	458916.815036147	0.002	0	0.05	0.006	-5	0.02	0.002	-30	0.01	reduced	rep55
1363	1	3	0.00167981000592955	-70.6294162287363	0.0252693753138375	0.00688270420538172	-5.42488841818757	0.0318074076881615	0.00173256261458434	0.629284965960397	0	459117.666476573	0.002	0	0.05	0.006	-5	0.02	0.002	-30	0.01	full	rep56
1399	1	3	0.00670057465857622	-3.18851603795633	0	0.000292027474113034	200	0	0.00266530806825693	-22.9844395889064	0	459088.778990966	0.002	0	0.05	0.006	-5	0.02	0.002	-30	0.01	reduced	rep56
2577	1	3	0.00630633163046556	-4.5118435828914	0.0375423966144356	0.00208959222028857	-24.1263056325137	0	0.00148536932299232	0.68154291123807	0	462064.159267517	0.002	0	0.05	0.006	-5	0.02	0.002	-30	0.01	full	rep57
883	1	3	0.00302642445162272	-17.8722239091934	0	0.000288981511756059	200	0	0.00628698287981364	-2.95098585650395	0	462044.288721395	0.002	0	0.05	0.006	-5	0.02	0.002	-30	0.01	reduced	rep57
3267	1	3	0.00225252415608665	-24.4658674829123	0.0425136918474522	0.0066131440675096	-4.39826429152528	0.0188309089493504	0.00104883754426065	2.1548631504205	0.0226007105103593	459173.330463818	0.002	0	0.05	0.006	-5	0.02	0.002	-30	0.01	full	rep58
1317	1	3	0.00355115596330654	-15.630218385614	0	0.000279174397124954	200	0	0.00575923969167298	-2.72939805676484	0	459155.622112649	0.002	0	0.05	0.006	-5	0.02	0.002	-30	0.01	reduced	rep58
1002	1	3	0.000552800286654612	6.02194059881391	0	0.00223049450335948	-28.0279598221553	0.0780781354295368	0.00717194254630176	-3.92221385505523	0.0124099825897718	461078.703505846	0.002	0	0.05	0.006	-5	0.02	0.002	-30	0.01	full	rep59
1061	1	3	0.00637394186799741	-3.0470065751526	0	0.000294333865893188	200	0	0.00293110395943481	-18.3604224310216	0	461056.427309304	0.002	0	0.05	0.006	-5	0.02	0.002	-30	0.01	reduced	rep59
3075	1	3	0.00133106098499562	-54.8410615222603	0.0345645887436508	0.00655516004271225	-6.04483377519788	0.029891229819387	0.0021749259083046	0.330836153112228	0.00406549185312816	460895.718523353	0.002	0	0.05	0.006	-5	0.02	0.002	-30	0.01	full	rep60
478	1	3	0.00589648427472815	-2.72813447163007	0	0.000277184682034975	200	0	0.00337122597993328	-15.6445970939444	0	460867.754138962	0.002	0	0.05	0.006	-5	0.02	0.002	-30	0.01	reduced	rep60
3153	1	3	0.000915913544748131	1.53545392731469	0	0.00674474202192098	-3.99028818964095	0.0357745609309145	0.00231738424886606	-25.6505544633066	1.42866254853047e-07	461754.216157751	0.002	0	0.05	0.006	-5	0.02	0.002	-30	0.01	full	rep61
559	1	3	0.00282618449074453	-21.1975079659973	0	0.000297083211712247	200	0	0.00657943674940964	-3.14666036230882	0	461738.713244274	0.002	0	0.05	0.006	-5	0.02	0.002	-30	0.01	reduced	rep61
2207	1	3	0.00697240653499039	-3.38743128630966	0.0120291604799964	0.00251100179666792	-22.9854788375149	0	0.00039745465444029	5.21783633782244	0.335144889880162	462283.744049984	0.002	0	0.05	0.006	-5	0.02	0.002	-30	0.01	full	rep62
794	1	3	0.000283844099026767	200	0	0.00284218696787955	-19.7504661929535	0	0.00650050853718524	-3.01475144956009	0	462275.551831539	0.002	0	0.05	0.006	-5	0.02	0.002	-30	0.01	reduced	rep62
3298	1	3	0.00658127122920122	-2.93003914977967	0.0273772682851168	0.00313289591702122	-19.0610222581298	0.00690115755148786	0.000208147836670728	9.02318461249252	0.0924852936521525	462080.549194875	0.002	0	0.05	0.006	-5	0.02	0.002	-30	0.01	full	rep63
610	1	3	0.000283813760679499	200	0	0.00300402413501019	-19.833489010771	0	0.00642407752284486	-3.04081568904014	0	462069.87966664	0.002	0	0.05	0.006	-5	0.02	0.002	-30	0.01	reduced	rep63
2434	1	3	0.00186511947634626	-37.8254636997601	0	0.00583314169835423	-5.18733385738393	0	0.00238779952233368	-0.407845508115937	0.0965913950135746	463131.776950322	0.002	0	0.05	0.006	-5	0.02	0.002	-30	0.01	full	rep64
1751	1	3	0.00304977059363507	-19.8810484986362	0	0.00634821698576628	-2.92978549668034	0	0.000293993551838944	200	0	463119.606128492	0.002	0	0.05	0.006	-5	0.02	0.002	-30	0.01	reduced	rep64
1955	1	3	0.00470173014900062	-1.75679905958287	0.0478802499380753	0.00448193796173137	-8.97063046096165	0	0.000855308912531762	-72.5883333550772	0	460378.286231196	0.002	0	0.05	0.006	-5	0.02	0.002	-30	0.01	full	rep65
794	1	3	0.000271977411351525	200	0	0.00304434741434252	-17.0816242606139	0	0.00628083343409927	-3.02126714683796	0	460366.846538023	0.002	0	0.05	0.006	-5	0.02	0.002	-30	0.01	reduced	rep65
4209	1	3	0.00427462319319928	-11.6914550999747	0	0.00533199061355161	-1.88214093243623	0.0438904345962595	0.000446394163596326	-248.753043560756	0.0588771357702648	461281.176962969	0.002	0	0.05	0.006	-5	0.02	0.002	-30	0.01	full	rep66
1643	1	3	0.00605692393369358	-2.81917367139749	0	0.000282394062838967	200	0	0.00322109029914286	-16.4259853525351	0	461259.132351828	0.002	0	0.05	0.006	-5	0.02	0.002	-30	0.01	reduced	rep66
1952	1	3	0.00153966465469239	-41.7719684960849	0	0.00595524312930543	-6.23033877047534	0.0413361665996005	0.00257966335568833	-0.314497547377482	0	459076.060397633	0.002	0	0.05	0.006	-5	0.02	0.002	-30	0.01	full	rep67
1653	1	3	0.00301662023592007	-20.2250199569825	0	0.00638891640285148	-3.07321003940159	0	0.00028679040859473	200	0	459053.255318582	0.002	0	0.05	0.006	-5	0.02	0.002	-30	0.01	reduced	rep67
4904	1	3	0.00585008538547181	-5.2523613440968	0.0404691944696182	0.00211545201558451	-0.0250143827507512	0	0.00206604485963401	-26.9328066480559	0	462012.639842761	0.002	0	0.05	0.006	-5	0.02	0.002	-30	0.01	full	rep68
565	1	3	0.00627208189867229	-2.99235914618894	0	0.00319250256457641	-19.0249802061408	0	0.000281502442734366	200	0	461995.375885555	0.002	0	0.05	0.006	-5	0.02	0.002	-30	0.01	reduced	rep68
1464	1	3	0.00447348541430478	-11.9765269094599	0	0.000489257575114973	-153.845197337537	0.0746077033238914	0.00521170635130563	-1.82295141806304	0.0431113278491543	463283.954243587	0.002	0	0.05	0.006	-5	0.02	0.002	-30	0.01	full	rep69
1988	1	3	0.00351186375960025	-16.9830443760204	0	0.00593682806675609	-2.76714233398742	0	0.000277255905593408	200	0	463260.556677833	0.002	0	0.05	0.006	-5	0.02	0.002	-30	0.01	reduced	rep69
4152	1	3	0.00704492209573148	-3.95167807016202	0.0241322256182139	0.000702548947716014	2.96576188903259	0	0.00220148213683362	-29.1751326458612	0.043176595783981	459275.20771294	0.002	0	0.05	0.006	-5	0.02	0.002	-30	0.01	full	rep70
1530	1	3	0.000295261653504034	200	0	0.00265018844670915	-22.3246018700332	0	0.00668273329939557	-3.17977523716424	0	459254.055282242	0.002	0	0.05	0.006	-5	0.02	0.002	-30	0.01	reduced	rep70
4048	1	3	0.00153087820079161	-36.2477046529467	0.0305483113535244	0.0017673593101535	0.395576570388799	0.0927868724685092	0.0066429635290721	-5.24983476738644	0.00463522231751605	460038.419279252	0.002	0	0.05	0.006	-5	0.02	0.002	-30	0.01	full	rep71
621	1	3	0.00028418249926187	200	0	0.00331528957733497	-15.2375638693154	0	0.00593610780297715	-2.86123263968895	0	460017.811934761	0.002	0	0.05	0.006	-5	0.02	0.002	-30	0.01	reduced	rep71
1492	1	3	0.0070366530982828	-4.33304544581345	0	0.00224596337108362	-31.0289831685985	0.0727933255503318	0.000886072180528014	2.58479885937746	0.128357282083824	464301.164398811	0.002	0	0.05	0.006	-5	0.02	0.002	-30	0.01	full	rep72
1885	1	3	0.0064273185719728	-3.07400994161574	0	0.000284210961651392	200	0	0.00307479528667692	-19.6517237820359	0	464267.235184062	0.002	0	0.05	0.006	-5	0.02	0.002	-30	0.01	reduced	rep72
3188	1	3	0.00354825493428897	-1.11668475040881	0.0655540078591464	0.00144279522757648	-64.72913427702	0	0.00523255645400575	-6.8956405525955	0	460978.223956527	0.002	0	0.05	0.006	-5	0.02	0.002	-30	0.01	full	rep73
1631	1	3	0.000291288564379327	200	0	0.00310816629484272	-18.5748425727209	0	0.00625033386604674	-2.96116413954927	0	460963.243798627	0.002	0	0.05	0.006	-5	0.02	0.002	-30	0.01	reduced	rep73
1232	1	3	0.00684104877316566	-3.88609913169366	0.020620815225521	0.000632811591223998	3.80922946082064	0	0.00249280988497899	-23.2921036447119	0.0451992819818531	460827.446098175	0.002	0	0.05	0.006	-5	0.02	0.002	-30	0.01	full	rep74
1361	1	3	0.00623743150318511	-3.0323445365547	0	0.00313696550389714	-17.9320795096409	0	0.000290681069251322	200	0	460809.058091421	0.002	0	0.05	0.006	-5	0.02	0.002	-30	0.01	reduced	rep74
1993	1	3	0.00690877578947906	-2.94924986242245	0.0286471066015843	0.00283361534299281	-21.3099808609633	0.00801335607933638	0.00017293567340596	10	0	463554.000984614	0.002	0	0.05	0.006	-5	0.02	0.002	-30	0.01	full	rep75
801	1	3	0.00265236833530833	-22.8928489302347	0	0.00677887144024252	-3.13665183671894	0	0.000280887474952605	200	0	463536.948810873	0.002	0	0.05	0.006	-5	0.02	0.002	-30	0.01	reduced	rep75
1612	1	3	0.00372061596502229	-1.32805165288291	0.0650878982965519	0.0044677929707591	-6.14436268415751	0	0.00183580466863631	-33.9386884208238	0	460793.173332113	0.002	0	0.05	0.006	-5	0.02	0.002	-30	0.01	full	rep76
772	1	3	0.000296257129487685	200	0	0.00288085908568072	-21.6593495608587	0	0.0065203306470072	-3.0779634288598	0	460781.940983669	0.002	0	0.05	0.006	-5	0.02	0.002	-30	0.01	reduced	rep76
1821	1	3	0.00548758410720245	-2.02230424695294	0.0438115818526618	0.000414234510360666	-213.568693582349	0.123473464836824	0.00428356125004684	-12.4547845080552	0	464154.445157574	0.002	0	0.05	0.006	-5	0.02	0.002	-30	0.01	full	rep77
1775	1	3	0.000292293689597141	200	0	0.00626070751919553	-3.01632854673184	0	0.00317663283987087	-17.967610855382	0	464127.243792111	0.002	0	0.05	0.006	-5	0.02	0.002	-30	0.01	reduced	rep77
3273	1	3	0.00681247972116285	-4.58525010985572	0.0283983024335181	0.00203135646008192	-38.2357498536742	0.0266851649188264	0.0012528625579826	1.15032620494452	0	458881.666589798	0.002	0	0.05	0.006	-5	0.02	0.002	-30	0.01	full	rep78
1990	1	3	0.00670106027908958	-3.16763866438895	0	0.00274844696131912	-24.0721937351462	0	0.000279254548815963	200	0	458858.978221576	0.002	0	0.05	0.006	-5	0.02	0.002	-30	0.01	reduced	rep78
1227	1	3	0.00453067236727927	-7.05436514967809	0	0.00175491428163303	-47.3907664159823	0.0381174051104648	0.00392297170648976	-1.32801298350307	0.0480789814647505	459394.560578337	0.002	0	0.05	0.006	-5	0.02	0.002	-30	0.01	full	rep79
1057	1	3	0.00299715332680598	-22.8844307207151	0	0.00650937298628444	-3.04140959144445	0	0.000271056478034884	200	0	459363.874276364	0.002	0	0.05	0.006	-5	0.02	0.002	-30	0.01	reduced	rep79
3806	1	3	0.00516082813802458	-7.61241761024031	0.0220295495556612	0.00116125575701698	-40.0093543747924	0	0.00367604357004685	-1.10297859390057	0.0349076218378066	460841.317675574	0.002	0	0.05	0.006	-5	0.02	0.002	-30	0.01	full	rep80
1746	1	3	0.0060452584744273	-2.90178369622267	0	0.000283343395341107	200	0	0.00332094155564913	-16.8725097695786	0	460823.562065532	0.002	0	0.05	0.006	-5	0.02	0.002	-30	0.01	reduced	rep80
408	1	3	0.00689716245420974	-4.32358997189642	0.0328869296336236	0.00110259147748744	1.39484935203283	0	0.00208361405976798	-33.6271392309586	0	463097.737212282	0.002	0	0.05	0.006	-5	0.02	0.002	-30	0.01	full	rep81
1601	1	3	0.00284669195172502	-22.251648278369	0	0.00661948627646456	-3.08429904379083	0	0.000285307856982161	200	0	463086.566966361	0.002	0	0.05	0.006	-5	0.02	0.002	-30	0.01	reduced	rep81
2648	1	3	0.00354965860427172	-1.24237449595464	0.0639647343223151	0.00193311098186504	-36.6288192985075	0	0.0046476258580936	-6.1588514675169	0	460461.926665259	0.002	0	0.05	0.006	-5	0.02	0.002	-30	0.01	full	rep82
1337	1	3	0.00643163377357472	-3.03702298746411	0	0.00307045988882916	-21.7279190795407	0	0.000280555431770071	200	0	460450.355194446	0.002	0	0.05	0.006	-5	0.02	0.002	-30	0.01	reduced	rep82
3019	1	3	0.00029039567517159	10	0.0264878903269749	0.00343078517838197	-18.3618309886679	0.0411255969237884	0.00621558435851928	-2.95237883542807	0.0133840838153624	460271.412128571	0.002	0	0.05	0.006	-5	0.02	0.002	-30	0.01	full	rep83
1199	1	3	0.00331208751488011	-18.3997355462983	0	0.00028219217831181	200	0	0.00611436850198503	-2.90712702417797	0	460256.95267159	0.002	0	0.05	0.006	-5	0.02	0.002	-30	0.01	reduced	rep83
870	1	3	0.00524671336539859	-5.24140763880125	0	0.00224321710176096	-40.8702279995389	0.0304068031162398	0.00275358523519165	-0.777758701571009	0.0733864516092485	459618.515604526	0.002	0	0.05	0.006	-5	0.02	0.002	-30	0.01	full	rep84
252	1	3	0.00284150988279324	-28.3263324084047	0	0.00673734420665296	-3.15430900377317	0	0.000293461528865151	200	0	459588.566751662	0.002	0	0.05	0.006	-5	0.02	0.002	-30	0.01	reduced	rep84
3808	1	3	0.00278720984911248	-0.817390140959115	0.0836831815307019	0.00531574855400146	-5.48159066752632	0	0.00169169701399991	-28.8009600665231	0	456402.367079836	0.002	0	0.05	0.006	-5	0.02	0.002	-30	0.01	full	rep85
1248	1	3	0.00299361337949758	-17.2941813059602	0	0.00619679430219043	-2.97441790685951	0	0.000290444957881789	200	0	456388.01254286	0.002	0	0.05	0.006	-5	0.02	0.002	-30	0.01	reduced	rep85
3019	1	3	0.000349313835789204	10	0.0243531100812602	0.00297792312376263	-23.0126245147049	0.0580084208173451	0.00670164533100952	-3.24944201237533	0.00977061555512252	462875.152870047	0.002	0	0.05	0.006	-5	0.02	0.002	-30	0.01	full	rep86
1873	1	3	0.0002903832998644	200	0	0.00300734265478093	-21.195746066545	0	0.00646444666250429	-3.03140783397588	0	462855.288235922	0.002	0	0.05	0.006	-5	0.02	0.002	-30	0.01	reduced	rep86
4502	1	3	0.00651370341876686	-4.52210038280813	0	0.00146937214157062	0.414648160876856	0.152648997278084	0.00196381593485483	-30.7449984471888	0	459412.119090806	0.002	0	0.05	0.006	-5	0.02	0.002	-30	0.01	full	rep87
447	1	3	0.00625101425809917	-2.97825966793733	0	0.00306449776203757	-18.2776617971801	0	0.000288596122272573	200	0	459400.13503312	0.002	0	0.05	0.006	-5	0.02	0.002	-30	0.01	reduced	rep87
2111	1	3	0.00157057762901701	-37.8879691544657	0	0.00534147268023967	-5.71954914121054	0.00989358373770154	0.00303342830177239	-0.909162966282562	0.0587358542893015	461579.332822824	0.002	0	0.05	0.006	-5	0.02	0.002	-30	0.01	full	rep88
1846	1	3	0.000283433731886302	200	0	0.00661915695789475	-3.06693007162194	0	0.00269487844575866	-20.5687728498472	0	461559.377971278	0.002	0	0.05	0.006	-5	0.02	0.002	-30	0.01	reduced	rep88
2583	1	3	0.00483074675094552	-1.74413538204465	0.0514606165915677	0.00433129080087462	-9.17399591838327	0	0.00243372832024535	-250	0	462272.434707691	0.002	0	0.05	0.006	-5	0.02	0.002	-30	0.01	full	rep89
568	1	3	0.00290610390741315	-24.1800382885771	0	0.000301808646746894	200	0	0.00662393202998276	-3.14623744667102	0	462251.600719307	0.002	0	0.05	0.006	-5	0.02	0.002	-30	0.01	reduced	rep89
3383	1	3	0.000106430068051311	10	0	0.00651870113902514	-2.67125830975292	0.0365546296998146	0.00324757317297077	-18.1456136498718	0	460788.437429206	0.002	0	0.05	0.006	-5	0.02	0.002	-30	0.01	full	rep90
643	1	3	0.00283426753921126	-21.0102426060168	0	0.00029523475365024	200	0	0.0065365702668818	-3.09791591370869	0	460775.527078545	0.002	0	0.05	0.006	-5	0.02	0.002	-30	0.01	reduced	rep90
1507	1	3	0.000977827112233141	-61.6839127358326	0.0474430430981368	0.0039453398038084	-11.0500527218881	0	0.00529206097296957	-1.93919178123407	0.0418114758054264	462052.770257754	0.002	0	0.05	0.006	-5	0.02	0.002	-30	0.01	full	rep91
166	1	3	0.0031408741206093	-20.9090283980859	0	0.00638847531190116	-3.04305159953664	0	0.000283518998301995	200	0	462024.119800871	0.002	0	0.05	0.006	-5	0.02	0.002	-30	0.01	reduced	rep91
4676	1	3	0.00489583918390716	-6.96235009320872	0	0.00164776971837137	-83.4484123571172	0	0.00381583808724182	-1.2185098642469	0.0603694917777787	459708.854582228	0.002	0	0.05	0.006	-5	0.02	0.002	-30	0.01	full	rep92
1221	1	3	0.000288965654156658	200	0	0.00286007741616322	-22.3723950887473	0	0.00650838358823794	-2.98601379671625	0	459695.672216385	0.002	0	0.05	0.006	-5	0.02	0.002	-30	0.01	reduced	rep92
3832	1	3	0.00223236647387694	-0.213805940715442	0.0161905033209624	0.00621137881639672	-5.58258540526766	0.0352301152783485	0.00153658272884719	-37.0285999236237	0	459827.641447018	0.002	0	0.05	0.006	-5	0.02	0.002	-30	0.01	full	rep93
906	1	3	0.00267464023197884	-20.6845552289976	0	0.00664982107581997	-3.24911442337545	0	0.000301137252524921	200	0	459804.866879254	0.002	0	0.05	0.006	-5	0.02	0.002	-30	0.01	reduced	rep93
2378	1	3	0.0015413871246489	0.647991898155796	0	0.00204016721914808	-30.4151139408464	0	0.00641855798776862	-4.70525571208566	0.0363065988005191	460558.055269659	0.002	0	0.05	0.006	-5	0.02	0.002	-30	0.01	full	rep94
1178	1	3	0.00641806891175799	-3.0197241073934	0	0.00298584718114201	-20.4920053996836	0	0.000285904960678285	200	0	460541.490893383	0.002	0	0.05	0.006	-5	0.02	0.002	-30	0.01	reduced	rep94
542	1	3	0.00450052413319808	-7.8619087746953	0	0.0042174381920904	-1.39887490142889	0.0511786115924758	0.00135282735201649	-56.537572985551	0	457657.816953132	0.002	0	0.05	0.006	-5	0.02	0.002	-30	0.01	full	rep95
1149	1	3	0.000267336906331494	200	0	0.00323344503190368	-18.5221708460483	0	0.00610183930600452	-2.79318585515051	0	457643.755251537	0.002	0	0.05	0.006	-5	0.02	0.002	-30	0.01	reduced	rep95
503	1	3	0.000964972231888455	-93.9329469283774	0	0.00497205821601686	-1.71253753311931	0.0450198144245963	0.004306284897796	-10.4279123919547	0	461046.812929048	0.002	0	0.05	0.006	-5	0.02	0.002	-30	0.01	full	rep96
1982	1	3	0.000270637677765281	200	0	0.00344915291952972	-17.7897542465017	0	0.00597654717386982	-2.7414749555041	0	461032.085091771	0.002	0	0.05	0.006	-5	0.02	0.002	-30	0.01	reduced	rep96
4844	1	3	0.00330036390308217	-22.8363305506873	0.0776747479340333	0.000364983000622502	10	0	0.00643425626500859	-3.17018733007787	0.00215722239384392	461098.291815567	0.002	0	0.05	0.006	-5	0.02	0.002	-30	0.01	full	rep97
1660	1	3	0.00640928871342325	-3.02234895499999	0	0.000289120734199271	200	0	0.00313033610562903	-22.4211753317945	0	461070.227239756	0.002	0	0.05	0.006	-5	0.02	0.002	-30	0.01	reduced	rep97
3020	1	3	0.00292668290034358	-0.394980864327732	0	0.00105934274454636	-84.9818339403776	0	0.00609495052057224	-7.1016874914188	0.0427835937643404	458587.497598604	0.002	0	0.05	0.006	-5	0.02	0.002	-30	0.01	full	rep98
858	1	3	0.00613240019850344	-2.9098107625016	0	0.00305340317527471	-16.7731953580608	0	0.00029770084987049	200	0	458560.320671948	0.002	0	0.05	0.006	-5	0.02	0.002	-30	0.01	reduced	rep98
2105	1	3	0.00668974526053015	-5.52119257585124	0.0347118617433747	0.0016253645008996	-46.3483341879996	0	0.0018619159683447	0.439529083218627	0	462683.895284521	0.002	0	0.05	0.006	-5	0.02	0.002	-30	0.01	full	rep99
49	1	3	0.00309855959513463	-18.8660805363566	0	0.00633528374894619	-3.02137794137758	0	0.000284225324212157	200	0	462664.920348613	0.002	0	0.05	0.006	-5	0.02	0.002	-30	0.01	reduced	rep99
4756	1	3	0.00403271583617477	-12.0302970362707	0	0.00110182253967498	-157.95132024945	0	0.00538326188769087	-1.95633372319839	0.0439962096894952	458612.328834842	0.002	0	0.05	0.006	-5	0.02	0.002	-30	0.01	full	rep100
697	1	3	0.00622198446676335	-2.93953939223796	0	0.00325935770482896	-20.7114630321709	0	0.000281410594487256	200	0	458595.368188248	0.002	0	0.05	0.006	-5	0.02	0.002	-30	0.01	reduced	rep100
