run	imp	exit_code	theta_1	gamma_1	e_1	theta_2	gamma_2	e_2	theta_3	gamma_3	e_3	lnL	sim_theta_1	sim_gamma_1	sim_e_1	sim_theta_2	sim_gamma_2	sim_e_2	sim_theta_3	sim_gamma_3	sim_e_3	model	rep
2244	1	3	0.0040833036693284	-1.455958972043	0.0568218870318918	0.00436256687042689	-7.03893745836551	0	0.00166323062982671	-41.9297963125413	0	2830027.53568438	0.002	0	0.05	0.006	-5	0.02	0.002	-30	0.01	full	rep1
429	1	3	0.00278186440779748	-23.8392742503133	0.0237419495476695	0.000434397280522689	4.71296367565112	0.0237419495476695	0.00677379003062303	-3.40814013964503	0.0237419495476695	2830023.8844784	0.002	0	0.05	0.006	-5	0.02	0.002	-30	0.01	reduced	rep1
738	1	3	0.00230513937795561	-30.9493727645286	0.0318207054618387	0.00704665565039516	-3.95536465305582	0.0243106033768584	0.000722273069866999	3.00232604495434	0	2845182.01993138	0.002	0	0.05	0.006	-5	0.02	0.002	-30	0.01	full	rep2
505	1	3	0.00220446714147237	-32.4554607447626	0.0239659739851947	0.000909507494605084	2.09324442357601	0.0239659739851947	0.00696903341290089	-4.15220238319692	0.0239659739851947	2845181.92221148	0.002	0	0.05	0.006	-5	0.02	0.002	-30	0.01	reduced	rep2
614	1	3	0.00230647452745451	-25.2888072823265	0	0.00318840543732233	-1.09532771051576	0.0717241611721499	0.00449130742813289	-5.24496322127962	0	2840730.93103499	0.002	0	0.05	0.006	-5	0.02	0.002	-30	0.01	full	rep3
572	1	3	0.00656926475101936	-3.18826198055456	0.0235477934467889	0.00038412436380806	5.06759431250456	0.0235477934467889	0.00300966959514271	-20.9259883442842	0.0235477934467889	2840730.84780469	0.002	0	0.05	0.006	-5	0.02	0.002	-30	0.01	reduced	rep3
1497	1	3	0.0059805788368483	-5.98166522851009	0.0191684861835626	0.00252229205327372	-0.268473058513943	0.03720925254251	0.00160280346091655	-42.295094796944	0.0259268913762921	2840560.97985127	0.002	0	0.05	0.006	-5	0.02	0.002	-30	0.01	full	rep4
1027	1	3	0.00619162742573899	-5.73999560395976	0.0247189270886679	0.00165599927213649	-40.1694142621987	0.0247189270886679	0.00224597730287021	0.0238864977370128	0.0247189270886679	2840560.99304988	0.002	0	0.05	0.006	-5	0.02	0.002	-30	0.01	reduced	rep4
2754	1	3	0.00193433181387168	-28.9538070433314	0.0250434697178764	0.00193129864484846	0.191490337321228	0.0734059514365889	0.00611578597130959	-5.06554652839358	0.0086058606479897	2842166.92288978	0.002	0	0.05	0.006	-5	0.02	0.002	-30	0.01	full	rep5
1293	1	3	0.00147342116656617	0.993328489104653	0.0243475530160032	0.00649614939756393	-4.78169794536671	0.0243475530160032	0.00200964114556663	-28.1254454516144	0.0243475530160032	2842166.88136964	0.002	0	0.05	0.006	-5	0.02	0.002	-30	0.01	reduced	rep5
3737	1	3	0.00655746983944993	-5.62258835762168	0.0347673808093369	0.00199612730420435	0.296819668189234	0.00419629316593695	0.00147333242181262	-43.4970680778042	0	2835113.08976643	0.002	0	0.05	0.006	-5	0.02	0.002	-30	0.01	full	rep6
255	1	3	0.00147785105540768	0.961823938645809	0.024633863636442	0.00172852330868217	-34.5168993685575	0.024633863636442	0.00677403922893893	-4.95894272400409	0.024633863636442	2835112.01966428	0.002	0	0.05	0.006	-5	0.02	0.002	-30	0.01	reduced	rep6
2445	1	3	0.00204655552077319	-28.5809144391787	0	0.00360055722091855	-1.23012861430994	0.0643762033047459	0.00434860567592798	-5.9494400168853	0	2835974.99667879	0.002	0	0.05	0.006	-5	0.02	0.002	-30	0.01	full	rep7
1758	1	3	0.000592005605171177	3.33891832628324	0.0241241239202008	0.00275501379090957	-23.0036291887216	0.0241241239202008	0.00662441677162021	-3.53442738721462	0.0241241239202008	2835973.8997447	0.002	0	0.05	0.006	-5	0.02	0.002	-30	0.01	reduced	rep7
3040	1	3	0.00113626884707009	1.37112105912607	0	0.00662153773309093	-4.283695915875	0.033800159720747	0.00227275305254778	-28.218248001339	0	2839958.07324496	0.002	0	0.05	0.006	-5	0.02	0.002	-30	0.01	full	rep8
1620	1	3	0.00688787263351524	-3.86142443106703	0.0231948021522403	0.000685659856268881	3.22337003946808	0.0231948021522403	0.00246498055246231	-27.1758755086162	0.0231948021522403	2839958.53371171	0.002	0	0.05	0.006	-5	0.02	0.002	-30	0.01	reduced	rep8
3076	1	3	0.00659632278058297	-4.28530267389555	0.0358786205074993	0.00219789569817535	-28.1094183462249	0	0.00118383717353944	1.13984480536222	0	2833792.48953002	0.002	0	0.05	0.006	-5	0.02	0.002	-30	0.01	full	rep9
1483	1	3	0.00248667904217801	-25.6965116871804	0.0245736246705473	0.000583345090283042	3.57805184034086	0.0245736246705473	0.00690141015762088	-3.68981630330696	0.0245736246705473	2833791.57452057	0.002	0	0.05	0.006	-5	0.02	0.002	-30	0.01	reduced	rep9
2201	1	3	0.00257871766759204	-19.8152238051652	0	0.00124039170297283	0.909307645252652	0	0.00602561711080671	-4.03905590408446	0.0371560989494203	2833458.11684026	0.002	0	0.05	0.006	-5	0.02	0.002	-30	0.01	full	rep10
82	1	3	0.000450531184695699	4.26107766981793	0.0232170666352158	0.00305466880030885	-17.9594142970922	0.0232170666352158	0.00633255597120157	-3.21276153492036	0.0232170666352158	2833458.22436105	0.002	0	0.05	0.006	-5	0.02	0.002	-30	0.01	reduced	rep10
1332	1	3	0.00139213970131745	-52.0782835114146	0.0224892511430037	0.00456452715762541	-1.66201711906839	0.0492425634369356	0.00417120247044024	-8.15803348141978	0	2826469.87129389	0.002	0	0.05	0.006	-5	0.02	0.002	-30	0.01	full	rep11
377	1	3	0.00172716170099447	0.324928226743429	0.025717852135926	0.00206982083090847	-31.8915172070958	0.025717852135926	0.00623821974221139	-4.83952401393311	0.025717852135926	2826468.93917107	0.002	0	0.05	0.006	-5	0.02	0.002	-30	0.01	reduced	rep11
4660	1	3	0.00652681164660478	-5.12337914264691	0.0346824296945592	0.00192138702430431	-37.0270164370523	0	0.00168478345022714	0.62513666523741	0	2837797.76354646	0.002	0	0.05	0.006	-5	0.02	0.002	-30	0.01	full	rep12
936	1	3	0.00684441144217626	-4.46777753563138	0.0234326753152666	0.00217839306303342	-32.5377330552565	0.0234326753152666	0.00108957116579594	1.759810233592	0.0234326753152666	2837796.53914043	0.002	0	0.05	0.006	-5	0.02	0.002	-30	0.01	reduced	rep12
2201	1	3	0.00194032056937989	-32.2805438055561	0	0.00179016038231522	0.425700767967731	0	0.00626006918067619	-5.0685399143457	0.0369533843356897	2821012.9045063	0.002	0	0.05	0.006	-5	0.02	0.002	-30	0.01	full	rep13
1655	1	3	0.00230317181865536	-27.6158710473735	0.0241033229335002	0.00667112571505477	-4.19961006346458	0.0241033229335002	0.00099435850841219	1.86824144001789	0.0241033229335002	2821011.85639583	0.002	0	0.05	0.006	-5	0.02	0.002	-30	0.01	reduced	rep13
586	1	3	0.000772132413979314	2.42880312184682	0.00220342525836313	0.00236701962706952	-25.3868285063736	0.0263055965773514	0.00680278298544454	-3.87657441940938	0.0261417329840705	2837672.52361737	0.002	0	0.05	0.006	-5	0.02	0.002	-30	0.01	full	rep14
1368	1	3	0.000877248312911198	1.99386646776589	0.0242854833113257	0.00230933312781828	-25.9427204821706	0.0242854833113257	0.00675872074396642	-3.98336412934292	0.0242854833113257	2837672.54247611	0.002	0	0.05	0.006	-5	0.02	0.002	-30	0.01	reduced	rep14
1596	1	3	0.00108852786161406	1.71733177309931	0.00109225911613347	0.00216856419106302	-32.1998362465273	0.0184113314076739	0.00683060312398828	-4.3893752615413	0.0288592572199413	2842367.89774687	0.002	0	0.05	0.006	-5	0.02	0.002	-30	0.01	full	rep15
1495	1	3	0.000922436699235268	2.21460890314005	0.0237819726922742	0.00224008497455517	-31.7769471734093	0.0237819726922742	0.00693043641999192	-4.21188311264008	0.0237819726922742	2842368.03411203	0.002	0	0.05	0.006	-5	0.02	0.002	-30	0.01	reduced	rep15
1250	1	3	0.00631041186443603	-4.58536393610883	0.0366071111777897	0.00154305708750177	0.555943765059789	0	0.00223501702653316	-30.8095025738802	0	2838944.46787705	0.002	0	0.05	0.006	-5	0.02	0.002	-30	0.01	full	rep16
137	1	3	0.00681315855421618	-3.73874843632978	0.023867431532068	0.000663538331781939	2.91581175223684	0.023867431532068	0.00259194775292294	-26.9938777761964	0.023867431532068	2838943.25099093	0.002	0	0.05	0.006	-5	0.02	0.002	-30	0.01	reduced	rep16
2123	1	3	0.00439304578565551	-1.51190578043502	0.0504170395331706	0.00154561588975736	-35.8279725433271	0.0134246692747524	0.00408598353934308	-7.77092667204798	0	2834850.64717581	0.002	0	0.05	0.006	-5	0.02	0.002	-30	0.01	full	rep17
1866	1	3	0.0026126644017252	-23.4328740097323	0.0247175631387769	0.00632357475265872	-3.95674481035458	0.0247175631387769	0.00103400104798948	1.52979124775032	0.0247175631387769	2834849.95013006	0.002	0	0.05	0.006	-5	0.02	0.002	-30	0.01	reduced	rep17
296	1	3	0.00210342215645581	0.215999830424107	0	0.00161136030904111	-35.3805877449675	0	0.00627000469525478	-5.64289925078546	0.0372211429952015	2832556.7694171	0.002	0	0.05	0.006	-5	0.02	0.002	-30	0.01	full	rep18
1547	1	3	0.00190535390158365	-29.8828820211825	0.0243074355008578	0.00646876292643641	-4.94444268902729	0.0243074355008578	0.00158626200803427	0.804511356405224	0.0243074355008578	2832555.62406846	0.002	0	0.05	0.006	-5	0.02	0.002	-30	0.01	reduced	rep18
586	1	3	0.00143237450770265	0.938295427368074	0.00150612876368955	0.00201391834670464	-28.1074242725071	0.0188087272859163	0.00649671114002125	-4.67551626991922	0.03168038771666	2833419.36410824	0.002	0	0.05	0.006	-5	0.02	0.002	-30	0.01	full	rep19
1771	1	3	0.00126539168461749	1.21184329548177	0.0248820891860008	0.00660993823521898	-4.49861100333027	0.0248820891860008	0.00207363485892573	-28.0235840562539	0.0248820891860008	2833419.46943077	0.002	0	0.05	0.006	-5	0.02	0.002	-30	0.01	reduced	rep19
4704	1	3	0.00616949381687842	-5.84299606809137	0.0393077233327308	0.00160545265019724	-34.1632641231965	0	0.00222610385742632	0.0736855073256996	0	2830628.83591596	0.002	0	0.05	0.006	-5	0.02	0.002	-30	0.01	full	rep20
1518	1	3	0.00174988612588546	0.542187089183121	0.0251827370736933	0.00191169478781107	-29.2594281988881	0.0251827370736933	0.00632225405828912	-5.14003180184628	0.0251827370736933	2830628.09539193	0.002	0	0.05	0.006	-5	0.02	0.002	-30	0.01	reduced	rep20
738	1	3	0.00218154128389553	-28.3893920893835	0	0.0062263308036952	-4.61039744228067	0.0377312714079784	0.00160212442207186	0.526059523301887	0	2840391.56492073	0.002	0	0.05	0.006	-5	0.02	0.002	-30	0.01	full	rep21
231	1	3	0.0026133678284584	-24.3089206168001	0.0242969596900273	0.000648040523902889	3.01950509912639	0.0242969596900273	0.00672390703371177	-3.65357267596863	0.0242969596900273	2840389.76928043	0.002	0	0.05	0.006	-5	0.02	0.002	-30	0.01	reduced	rep21
4018	1	3	0.00135827634981615	1.20593275620124	0.00508389216481773	0.00657157411136077	-4.66936959317988	0.0281934548483279	0.00211574416784879	-29.1169201508888	0.0237693802759268	2845639.79505869	0.002	0	0.05	0.006	-5	0.02	0.002	-30	0.01	full	rep22
1591	1	3	0.00653628250238819	-4.63186140721445	0.0241261121645454	0.00136491220316267	1.13395272997647	0.0241261121645454	0.00214062828582968	-28.6739385725193	0.0241261121645454	2845639.78738494	0.002	0	0.05	0.006	-5	0.02	0.002	-30	0.01	reduced	rep22
4776	1	3	0.000642388402333631	3.27056076794247	0.0447761478021793	0.00655669425986462	-3.6403027290008	0.0206793096560206	0.00268145409200789	-20.6430647927616	0.0276098860914875	2834186.76275656	0.002	0	0.05	0.006	-5	0.02	0.002	-30	0.01	full	rep23
294	1	3	0.000718983417465151	2.79148714223941	0.0240533037278942	0.00261952037936565	-20.9640700753064	0.0240533037278942	0.00654376606453916	-3.73410251882726	0.0240533037278942	2834186.75232838	0.002	0	0.05	0.006	-5	0.02	0.002	-30	0.01	reduced	rep23
738	1	3	0.00240685020998106	-23.3419629038797	0	0.00607153698728524	-4.36761726528796	0.0389622262812418	0.00145866476641859	0.632910433193522	0	2832102.04845042	0.002	0	0.05	0.006	-5	0.02	0.002	-30	0.01	full	rep24
1345	1	3	0.00654275094016613	-3.73051551342039	0.02464318836718	0.000730147661975232	2.60332870981246	0.02464318836718	0.00266672904854158	-22.2415710653998	0.02464318836718	2832101.42056408	0.002	0	0.05	0.006	-5	0.02	0.002	-30	0.01	reduced	rep24
1250	1	3	0.00078905105169392	1.36887489919949	0.288286542825115	0.00648165879013975	-3.57651088950352	0	0.00262597695511798	-21.9381361390306	0	2832353.65421196	0.002	0	0.05	0.006	-5	0.02	0.002	-30	0.01	full	rep25
1760	1	3	0.00661110771957216	-3.19242532590974	0.0234598099191055	0.000350735328258093	6.33546361834901	0.0234598099191055	0.00292696679160179	-20.3840811213417	0.0234598099191055	2832353.4947841	0.002	0	0.05	0.006	-5	0.02	0.002	-30	0.01	reduced	rep25
3479	1	3	0.00201515310473938	-28.581237474425	0	0.00645647267553548	-4.57650251590966	0.0365388543930097	0.00147616613063183	0.650925687888031	0	2837696.25171169	0.002	0	0.05	0.006	-5	0.02	0.002	-30	0.01	full	rep26
1001	1	3	0.00234901246227345	-25.2950218151705	0.0245586781275152	0.00687206951306759	-3.83766853806852	0.0245586781275152	0.000713885949852012	2.66623483511134	0.0245586781275152	2837695.78044028	0.002	0	0.05	0.006	-5	0.02	0.002	-30	0.01	reduced	rep26
738	1	3	0.00270693618236222	-23.5797137340396	0	0.00655226340016915	-3.59812298009294	0.0357853123029695	0.000722741431179125	1.89121977723082	0	2830641.11903197	0.002	0	0.05	0.006	-5	0.02	0.002	-30	0.01	full	rep27
872	1	3	0.00299698692339403	-21.9581385217768	0.0241000167628225	0.000320699090081188	6.367524477888	0.0241000167628225	0.00665585675132451	-3.15549612430867	0.0241000167628225	2830640.90350165	0.002	0	0.05	0.006	-5	0.02	0.002	-30	0.01	reduced	rep27
2183	1	3	0.0061666944884598	-4.98443365441834	0.0386626510918511	0.00187596106937597	0.257062082008879	0	0.00202819092559672	-33.6808578169515	0	2837072.91217433	0.002	0	0.05	0.006	-5	0.02	0.002	-30	0.01	full	rep28
355	1	3	0.00672294116419348	-4.07775381345155	0.0247599648892017	0.000957898762811868	1.85167967359554	0.0247599648892017	0.00236805693810384	-29.1048855998131	0.0247599648892017	2837071.74301995	0.002	0	0.05	0.006	-5	0.02	0.002	-30	0.01	reduced	rep28
871	1	3	0.00481738075371969	-7.99017337268087	0	0.00414619452392871	-1.38909612703485	0.0525312615618254	0.00114531602469608	-65.4163628572311	0.0187279199527728	2834373.63320452	0.002	0	0.05	0.006	-5	0.02	0.002	-30	0.01	full	rep29
1204	1	3	0.0014275809275783	-47.0865945786385	0.0244067800547602	0.00240648800520608	-0.097450899946435	0.0244067800547602	0.00622095552912276	-6.05444470810907	0.0244067800547602	2834372.04887985	0.002	0	0.05	0.006	-5	0.02	0.002	-30	0.01	reduced	rep29
3014	1	3	0.00640081142297202	-3.55120671171859	0.0108660220776175	0.000660860710456522	2.76769682349335	0.114573769884643	0.00293559830145587	-21.247305485042	0.0384357934993257	2836867.08769547	0.002	0	0.05	0.006	-5	0.02	0.002	-30	0.01	full	rep30
1054	1	3	0.00161628895119094	0.447100450891131	0.0254760049159599	0.00595561337487354	-4.52680701449473	0.0254760049159599	0.00245276253090493	-24.7018722845789	0.0254760049159599	2836867.18730356	0.002	0	0.05	0.006	-5	0.02	0.002	-30	0.01	reduced	rep30
4989	1	3	0.00454876905848717	-6.5417890427429	0	0.00178633074448232	-41.2645888397575	0	0.00379558110629403	-1.36057882193015	0.0614884309641679	2827023.38180805	0.002	0	0.05	0.006	-5	0.02	0.002	-30	0.01	full	rep31
68	1	3	0.000771884320792929	2.50819689867203	0.024377710806721	0.00240815260699818	-30.0862076095103	0.024377710806721	0.0068945627899769	-3.9856160151697	0.024377710806721	2827022.35212687	0.002	0	0.05	0.006	-5	0.02	0.002	-30	0.01	reduced	rep31
1978	1	3	0.00264362181877213	-0.587803309441457	0.0632347067872371	0.00535818399943701	-5.43002099368813	0.00779359641368063	0.00202159999596668	-30.6610999336192	0.0186913559689261	2831256.91719847	0.002	0	0.05	0.006	-5	0.02	0.002	-30	0.01	full	rep32
1791	1	3	0.00640569947046414	-4.46686033884537	0.024946247013919	0.00226715367033834	-28.0291924116767	0.024946247013919	0.00134050234938997	1.01428959617465	0.024946247013919	2831256.89024462	0.002	0	0.05	0.006	-5	0.02	0.002	-30	0.01	reduced	rep32
2785	1	3	0.00650800865983837	-3.29025153637981	0.00481737167992318	0.000394797178924567	8.0326679068137	0.140457713982324	0.00311429367207032	-20.8463999406517	0.0529823928446636	2845190.41655859	0.002	0	0.05	0.006	-5	0.02	0.002	-30	0.01	full	rep33
1272	1	3	0.00664754018434594	-3.72146021466031	0.0247336430508863	0.00270657624669078	-23.1519489463722	0.0247336430508863	0.000681121320614226	2.82626699795027	0.0247336430508863	2845190.70582937	0.002	0	0.05	0.006	-5	0.02	0.002	-30	0.01	reduced	rep33
2053	1	3	0.00115508096720623	-71.4964703405894	0.00175438138685922	0.00460071001700789	-1.57568038745573	0.048067280299632	0.00442060880475645	-8.8121437250259	0	2839293.62032384	0.002	0	0.05	0.006	-5	0.02	0.002	-30	0.01	full	rep34
1426	1	3	0.00211883279804471	-29.0963981499359	0.0233189363474262	0.00643298296240908	-4.62074272277087	0.0233189363474262	0.00144355408232918	0.964453760465428	0.0233189363474262	2839290.82592569	0.002	0	0.05	0.006	-5	0.02	0.002	-30	0.01	reduced	rep34
3299	1	3	0.00584745616072751	-5.78014087871079	0.0327980726635117	0.00158163873153005	-32.347350726377	0	0.00251982888667909	-0.32764742264027	0.0181890134605322	2842553.89292042	0.002	0	0.05	0.006	-5	0.02	0.002	-30	0.01	full	rep35
68	1	3	0.00158757812383524	0.635278789014088	0.0247842515673953	0.00196359706238912	-26.9837810140586	0.0247842515673953	0.00637813047121728	-4.76468684018276	0.0247842515673953	2842553.1421172	0.002	0	0.05	0.006	-5	0.02	0.002	-30	0.01	reduced	rep35
591	1	3	0.00197869597323555	-33.1329411048288	0	0.00167931437719922	0.515990645247129	0	0.0063880556001731	-4.90296158751615	0.0361483307203774	2835981.82102867	0.002	0	0.05	0.006	-5	0.02	0.002	-30	0.01	full	rep36
1426	1	3	0.00229100846688953	-29.0570859472122	0.0239812888478952	0.00681902798359346	-4.128395491305	0.0239812888478952	0.000919255946918297	2.0635821171235	0.0239812888478952	2835980.95782727	0.002	0	0.05	0.006	-5	0.02	0.002	-30	0.01	reduced	rep36
4997	1	3	0.00198210645297453	-36.6708864331342	0	0.00612911947131134	-4.65617523026336	0	0.00194640667228695	-0.290496933487028	0.119804735988549	2837984.57077474	0.002	0	0.05	0.006	-5	0.02	0.002	-30	0.01	full	rep37
1379	1	3	0.00716680313602431	-3.67204641394846	0.0241841610234115	0.000501091714748675	4.4567861677303	0.0241841610234115	0.0023443958273316	-29.9211693914547	0.0241841610234115	2837982.99282946	0.002	0	0.05	0.006	-5	0.02	0.002	-30	0.01	reduced	rep37
82	1	3	0.000572026169002199	3.66281937401622	0.207994347600337	0.00286340550814027	-24.1920061596664	0.0337192763812586	0.00665252357136415	-3.55628682704878	0.00595169721633343	2842950.61375447	0.002	0	0.05	0.006	-5	0.02	0.002	-30	0.01	full	rep38
116	1	3	0.00654991609308223	-3.95926619440495	0.0250782223117287	0.000921056299861974	1.87872028045278	0.0250782223117287	0.00263276636969065	-26.1574562862068	0.0250782223117287	2842950.74907445	0.002	0	0.05	0.006	-5	0.02	0.002	-30	0.01	reduced	rep38
3299	1	3	0.00649773309839852	-4.52170688965329	0.0172246188625269	0.00215496401705723	-32.2081130508229	0.00918504102056384	0.00144680322800496	0.592261676349111	0.0728859024587628	2843362.03139878	0.002	0	0.05	0.006	-5	0.02	0.002	-30	0.01	full	rep39
87	1	3	0.00247377084014358	-27.3889136669292	0.0240899360768714	0.00691521334851272	-3.82949102210057	0.0240899360768714	0.000673006335754808	3.01093648127527	0.0240899360768714	2843361.77196108	0.002	0	0.05	0.006	-5	0.02	0.002	-30	0.01	reduced	rep39
3763	1	3	0.00654234167098826	-5.73951085220678	0.0360474364615467	0.0015927352930426	-56.350138822231	0	0.00204036386413273	0.317942931110358	0	2826371.82242305	0.002	0	0.05	0.006	-5	0.02	0.002	-30	0.01	full	rep40
1916	1	3	0.00171577242565619	-47.8749329123502	0.0246490007949774	0.00669253879136557	-5.30049225930267	0.0246490007949774	0.00172055467553139	0.674925648430333	0.0246490007949774	2826369.45416569	0.002	0	0.05	0.006	-5	0.02	0.002	-30	0.01	reduced	rep40
728	1	3	0.00201695986272925	-32.1452325415458	0.00762748376015616	0.00269492744054771	-0.800363202147328	0.0811543078577914	0.00530302302802242	-5.26751884724345	0	2823524.03218569	0.002	0	0.05	0.006	-5	0.02	0.002	-30	0.01	full	rep41
68	1	3	0.000706926715847969	2.74245915776577	0.0240892685387937	0.0024262979403364	-27.2888131696103	0.0240892685387937	0.00685819151213715	-3.87406189696584	0.0240892685387937	2823523.60238519	0.002	0	0.05	0.006	-5	0.02	0.002	-30	0.01	reduced	rep41
3299	1	3	0.00632528320088186	-4.95510749522664	0.0380139992787082	0.00201301679299079	-32.3196846707689	0.00223840735507564	0.00173707942202886	0.405307175438896	0	2838920.86903899	0.002	0	0.05	0.006	-5	0.02	0.002	-30	0.01	full	rep42
1806	1	3	0.00677363775421683	-3.98361708345954	0.0251993092743157	0.00243807379701787	-26.6824207657522	0.0251993092743157	0.000829755691535177	2.23293448954185	0.0251993092743157	2838920.2584804	0.002	0	0.05	0.006	-5	0.02	0.002	-30	0.01	reduced	rep42
3299	1	3	0.00454795992407589	-6.74199679036765	0	0.00157520440191926	-32.3576120678367	0	0.0038397377397443	-1.31148032700127	0.0615407131261494	2839413.66780034	0.002	0	0.05	0.006	-5	0.02	0.002	-30	0.01	full	rep43
87	1	3	0.00273040410150173	-20.7069281747625	0.0244523219335044	0.00661741208918756	-3.51493524076461	0.0244523219335044	0.000554415028003271	3.68396043844142	0.0244523219335044	2839410.62207856	0.002	0	0.05	0.006	-5	0.02	0.002	-30	0.01	reduced	rep43
1750	1	3	0.000998302084299597	-72.4519782337254	0	0.00485789894288479	-1.74607394208702	0.0492355440247975	0.0042455248924195	-9.2015306945212	0	2836157.42039167	0.002	0	0.05	0.006	-5	0.02	0.002	-30	0.01	full	rep44
1102	1	3	0.00637701135574183	-4.77660626636968	0.0253153229974581	0.00159375884502627	0.63149762763163	0.0253153229974581	0.00197446906704849	-28.4849688748963	0.0253153229974581	2836155.18446977	0.002	0	0.05	0.006	-5	0.02	0.002	-30	0.01	reduced	rep44
1900	1	3	0.00116781959315989	1.46275512540356	0.00291655692252649	0.00673133831709727	-4.47757633912882	0.0295520808769045	0.00207332024890363	-28.8919559791684	0.0135501653237666	2832349.34980843	0.002	0	0.05	0.006	-5	0.02	0.002	-30	0.01	full	rep45
625	1	3	0.00681523832329251	-4.27368673657861	0.0235072943483649	0.00217233193794714	-27.8033478110984	0.0235072943483649	0.000980759967366125	1.98215245273833	0.0235072943483649	2832349.19301364	0.002	0	0.05	0.006	-5	0.02	0.002	-30	0.01	reduced	rep45
3299	1	3	0.0058190123828076	-5.66356394069029	0.0292679284799779	0.00171861955084606	-32.402442040148	0.0133679654881698	0.00242310837085362	-0.251760035735427	0.0227266336292598	2828448.60163136	0.002	0	0.05	0.006	-5	0.02	0.002	-30	0.01	full	rep46
1285	1	3	0.0061999879606845	-4.82454799955384	0.0253571970037892	0.00168846660594201	0.478261480204866	0.0253571970037892	0.00204507872038924	-27.3038393434527	0.0253571970037892	2828448.60110198	0.002	0	0.05	0.006	-5	0.02	0.002	-30	0.01	reduced	rep46
3299	1	3	0.00619494879584209	-5.64220392326733	0.0387305213922401	0.00161095689734413	-33.0702170418363	0	0.00217727902940764	0.102483823552726	0	2843523.48067285	0.002	0	0.05	0.006	-5	0.02	0.002	-30	0.01	full	rep47
1806	1	3	0.00642732669124291	-4.87951053773211	0.024913480484586	0.00193855009703501	-28.1385946935099	0.024913480484586	0.00159915611060896	0.722089514804608	0.024913480484586	2843523.08543175	0.002	0	0.05	0.006	-5	0.02	0.002	-30	0.01	reduced	rep47
2955	1	3	0.00158366141514594	-43.4741014883653	0.0360790675695448	0.00610680081315191	-5.74936254396542	0	0.00238768534043444	-0.264999241698703	0.0826726029444496	2834091.25098833	0.002	0	0.05	0.006	-5	0.02	0.002	-30	0.01	full	rep48
880	1	3	0.00663876975719021	-5.65345193049773	0.0249237987005788	0.0019347520935443	0.435345428960264	0.0249237987005788	0.00153436634230323	-47.9000217613073	0.0249237987005788	2834091.52672379	0.002	0	0.05	0.006	-5	0.02	0.002	-30	0.01	reduced	rep48
311	1	3	0.00271526058059584	-22.06044760322	0.0274527832287998	0.00635197908669342	-3.87390668690504	0.0265055258285658	0.000900866446987294	2.11668758549017	0.0033239084626392	2836496.06450985	0.002	0	0.05	0.006	-5	0.02	0.002	-30	0.01	full	rep49
1054	1	3	0.000898905503529914	2.02183428599196	0.0245151344619957	0.00632998261248916	-3.83827818924979	0.0245151344619957	0.00273652429158168	-21.8633005037752	0.0245151344619957	2836496.00775102	0.002	0	0.05	0.006	-5	0.02	0.002	-30	0.01	reduced	rep49
2754	1	3	0.00186500939249836	-29.4872213220196	0	0.00273490836520947	-0.623752911637105	0.0414042468588593	0.00534860230742984	-5.56468712840918	0.0218005028419826	2834673.81070381	0.002	0	0.05	0.006	-5	0.02	0.002	-30	0.01	full	rep50
1128	1	3	0.00236825730575845	-24.7524378441014	0.0240115963495929	0.00657023850030647	-4.05950791871161	0.0240115963495929	0.000994932044027212	1.6899547407278	0.0240115963495929	2834673.08961947	0.002	0	0.05	0.006	-5	0.02	0.002	-30	0.01	reduced	rep50
121	1	3	0.00108703289726077	1.14591352303931	0.0886865371320597	0.00248053163589287	-27.6392352717045	0.0212196197818588	0.00647262441924192	-4.03267897166974	0.0149395227545015	2830532.30983758	0.002	0	0.05	0.006	-5	0.02	0.002	-30	0.01	full	rep51
589	1	3	0.00242447840329333	-28.7753316542083	0.0247173340090582	0.00103501657307372	1.51928832473094	0.0247173340090582	0.00659405513623485	-4.1071613053624	0.0247173340090582	2830532.24306729	0.002	0	0.05	0.006	-5	0.02	0.002	-30	0.01	reduced	rep51
618	1	3	0.0047551965401817	-6.78478580773435	0	0.00370267598252273	-1.20257335499371	0.0573384619082992	0.00152574091101857	-39.1185482250094	0.0211076134691897	2823982.88749823	0.002	0	0.05	0.006	-5	0.02	0.002	-30	0.01	full	rep52
625	1	3	0.00618296830198953	-5.25527095587933	0.0249540554037823	0.00180646952483292	-33.6217179707332	0.0249540554037823	0.00197639090671667	0.227518354201174	0.0249540554037823	2823982.35559343	0.002	0	0.05	0.006	-5	0.02	0.002	-30	0.01	reduced	rep52
4991	1	3	0.00622473315739864	-4.68732787463008	0.00180210897634113	0.00205197461397053	-28.323193380412	0.0119106160578703	0.0017088850102989	0.223160272233125	0.115754700554823	2842058.32521073	0.002	0	0.05	0.006	-5	0.02	0.002	-30	0.01	full	rep53
208	1	3	0.00686171498295704	-3.9655456154732	0.0237399842474678	0.00236058772439361	-25.3874787935276	0.0237399842474678	0.00075330085881881	2.91350125411415	0.0237399842474678	2842058.64708991	0.002	0	0.05	0.006	-5	0.02	0.002	-30	0.01	reduced	rep53
1319	1	3	0.00558176898818437	-5.79068748849843	0.0213933552602371	0.00177244343706643	-31.1740105297901	0.0129216067040211	0.00262293421076182	-0.441452537887956	0.0382244712692097	2830251.74001544	0.002	0	0.05	0.006	-5	0.02	0.002	-30	0.01	full	rep54
1791	1	3	0.00630990305475229	-4.36424757743718	0.0247095124782686	0.00234330313582287	-24.1584634826787	0.0247095124782686	0.00128438609992417	1.09938986367456	0.0247095124782686	2830251.75034572	0.002	0	0.05	0.006	-5	0.02	0.002	-30	0.01	reduced	rep54
4955	1	3	0.00271841762587212	-21.4343131135459	0.0118184236183983	0.000634048619559745	2.56430681591595	0.304014105087784	0.00653648585534013	-3.51454709895365	0	2829258.28810741	0.002	0	0.05	0.006	-5	0.02	0.002	-30	0.01	full	rep55
469	1	3	0.00655447014605886	-3.30135230935283	0.022963347427033	0.00288980806626511	-20.5030149600263	0.022963347427033	0.000438538660895879	4.76228562043037	0.022963347427033	2829258.21020548	0.002	0	0.05	0.006	-5	0.02	0.002	-30	0.01	reduced	rep55
1710	1	3	0.00169124959147326	-35.5267875887241	0	0.00187517858813421	0.457087004411825	0	0.00646077907167484	-5.37319592311409	0.0365328625002783	2840602.48524187	0.002	0	0.05	0.006	-5	0.02	0.002	-30	0.01	full	rep56
1735	1	3	0.00670249986601512	-4.69978722404077	0.0245297200428465	0.00197220413479351	-30.1393859265479	0.0245297200428465	0.00132372186465457	1.27103924525223	0.0245297200428465	2840600.37579816	0.002	0	0.05	0.006	-5	0.02	0.002	-30	0.01	reduced	rep56
4373	1	3	0.00442545780767868	-5.80689687565319	0.000121620843853254	0.0035399172642177	-1.24198199903745	0.0675832720878295	0.00199817083746736	-27.1854990479944	0	2842343.342797	0.002	0	0.05	0.006	-5	0.02	0.002	-30	0.01	full	rep57
778	1	3	0.000450162078808584	4.37423200625319	0.0247997472170525	0.00665913748079489	-3.34237897662876	0.0247997472170525	0.00282485918444989	-21.1319765751817	0.0247997472170525	2842342.85620216	0.002	0	0.05	0.006	-5	0.02	0.002	-30	0.01	reduced	rep57
3784	1	3	0.0022545449961726	-0.190850259789361	0.0332243425476566	0.00178921075716863	-41.1500479185645	0	0.00608211377567891	-5.43314027059995	0.0268026592953765	2839560.85515224	0.002	0	0.05	0.006	-5	0.02	0.002	-30	0.01	full	rep58
1054	1	3	0.00112196312186903	1.50042213569748	0.024779236609664	0.00684750654238175	-4.41115741859041	0.024779236609664	0.00211306957532163	-33.368152277028	0.024779236609664	2839558.77490862	0.002	0	0.05	0.006	-5	0.02	0.002	-30	0.01	reduced	rep58
1398	1	3	0.00163148978323512	0.313581180645076	0.111529504110144	0.00603529583028123	-4.46792191734646	0	0.00234607345877114	-27.3594677473146	0.0273381029369357	2831318.74752672	0.002	0	0.05	0.006	-5	0.02	0.002	-30	0.01	full	rep59
1735	1	3	0.006372265147168	-4.41798260134733	0.024541921033844	0.00232236779556013	-27.6374347502072	0.024541921033844	0.00131998245017356	1.07711462627673	0.024541921033844	2831318.76163758	0.002	0	0.05	0.006	-5	0.02	0.002	-30	0.01	reduced	rep59
2347	1	3	0.00163767120039103	0.460945752518185	0	0.00639072832798242	-4.77465700519896	0.037976623524243	0.00204423775893685	-32.8498618590426	0	2840058.31546171	0.002	0	0.05	0.006	-5	0.02	0.002	-30	0.01	full	rep60
916	1	3	0.00688319556860603	-3.95549696667154	0.0251579815737524	0.000791396798557148	2.36135154919328	0.0251579815737524	0.00237606898850706	-28.4592402596511	0.0251579815737524	2840056.63640958	0.002	0	0.05	0.006	-5	0.02	0.002	-30	0.01	reduced	rep60
4577	1	3	0.00495028397792039	-5.85690338274411	0	0.0019501345979566	-34.9460449201849	0.00720725055439783	0.0031898387513427	-0.991043813034524	0.0692515310113058	2833272.6147422	0.002	0	0.05	0.006	-5	0.02	0.002	-30	0.01	full	rep61
911	1	3	0.00240731838650509	-28.5709289070607	0.0242008210111236	0.00670898849268413	-4.11016181985774	0.0242008210111236	0.000940948636413036	2.00248313700026	0.0242008210111236	2833271.424564	0.002	0	0.05	0.006	-5	0.02	0.002	-30	0.01	reduced	rep61
859	1	3	0.00318508413519586	-20.2555484234655	0.0785270828110155	0.000380239763103024	10	0.00493558889475865	0.00638583258238394	-3.1734667875362	0	2840838.98527025	0.002	0	0.05	0.006	-5	0.02	0.002	-30	0.01	full	rep62
699	1	3	0.00256061888268385	-23.6777379725337	0.0245618093986453	0.000908299467697944	1.87303734772987	0.0245618093986453	0.00650781455406764	-3.89276293903919	0.0245618093986453	2840839.57253059	0.002	0	0.05	0.006	-5	0.02	0.002	-30	0.01	reduced	rep62
1109	1	3	0.00224945836359316	-26.4349080043494	0.0312015271437478	0.00633436357278136	-4.33347245398403	0	0.00135793539101558	0.740439615781339	0.128614849402143	2829254.32017064	0.002	0	0.05	0.006	-5	0.02	0.002	-30	0.01	full	rep63
1810	1	3	0.00135562305675662	0.97963863402301	0.0245159152493725	0.00634873396404313	-4.45099877036543	0.0245159152493725	0.00222181710996389	-25.6882511211401	0.0245159152493725	2829254.54104209	0.002	0	0.05	0.006	-5	0.02	0.002	-30	0.01	reduced	rep63
2955	1	3	0.00264315225302293	-26.1240864316181	0.022749965510008	0.00679003305623772	-3.61216711318177	0	0.000577057307098212	3.37733907057048	0.314545425116353	2825033.67086137	0.002	0	0.05	0.006	-5	0.02	0.002	-30	0.01	full	rep64
1402	1	3	0.000548163926100811	3.70444110314002	0.024176800539027	0.00266513402966558	-25.932946805258	0.024176800539027	0.00679559541412158	-3.58298867852767	0.024176800539027	2825033.67252103	0.002	0	0.05	0.006	-5	0.02	0.002	-30	0.01	reduced	rep64
618	1	3	0.0049990066178104	-6.84601685704661	0	0.00355105686420963	-1.07019775408825	0.0590648088976145	0.00154834266465959	-40.047265430648	0.0280405195986349	2843332.71832622	0.002	0	0.05	0.006	-5	0.02	0.002	-30	0.01	full	rep65
1426	1	3	0.00207997504109002	-28.9765800803128	0.0250697119322438	0.00166348540055209	0.64085783115063	0.0250697119322438	0.00629822140204685	-4.90691238595852	0.0250697119322438	2843332.94408884	0.002	0	0.05	0.006	-5	0.02	0.002	-30	0.01	reduced	rep65
2754	1	3	0.00183645029086188	-36.2702512083145	0.0161387385140274	0.00262252242645493	-0.479106409523683	0.0550783652426664	0.00562589619344252	-5.65287847917453	0.0121860475603115	2840874.72226354	0.002	0	0.05	0.006	-5	0.02	0.002	-30	0.01	full	rep66
787	1	3	0.00654529766140717	-4.53084442165954	0.0244470323730005	0.0021736723628273	-30.1171108640382	0.0244470323730005	0.00133025023857374	1.12651206325755	0.0244470323730005	2840874.94660825	0.002	0	0.05	0.006	-5	0.02	0.002	-30	0.01	reduced	rep66
3784	1	3	0.00152001117858911	0.739592588108123	0.0273070637464211	0.0021065585848694	-30.7261606515645	0.0256634000377954	0.00639989127336676	-4.65462771416048	0.0239855914032875	2838144.36797104	0.002	0	0.05	0.006	-5	0.02	0.002	-30	0.01	full	rep67
343	1	3	0.00190222535482688	0.282292289173665	0.0249303984619915	0.0019503653587282	-33.3102145647291	0.0249303984619915	0.00618855160456831	-5.07419665507301	0.0249303984619915	2838144.55554038	0.002	0	0.05	0.006	-5	0.02	0.002	-30	0.01	reduced	rep67
1083	1	3	0.00451358431261381	-7.63013781574025	0	0.00129257086473136	-50.3400027360082	0	0.00426136536648068	-1.51224932856718	0.0540734714912183	2838241.21941306	0.002	0	0.05	0.006	-5	0.02	0.002	-30	0.01	full	rep68
537	1	3	0.00235714387061083	-24.9288753303709	0.0239334303402473	0.00683623262921394	-3.88928131883665	0.0239334303402473	0.000745475156876653	2.60185169085609	0.0239334303402473	2838236.70874333	0.002	0	0.05	0.006	-5	0.02	0.002	-30	0.01	reduced	rep68
1736	1	3	0.00328799127242122	-1.11305253784525	0.0755124962736295	0.0016066874316733	-37.9993303977307	0	0.00511413852765807	-6.06642186333034	0	2831299.25963397	0.002	0	0.05	0.006	-5	0.02	0.002	-30	0.01	full	rep69
990	1	3	0.000745026882887327	2.8142074575945	0.0259539034668353	0.00702054549025445	-4.04055590158316	0.0259539034668353	0.00219364234917082	-27.7443539110837	0.0259539034668353	2831296.37744415	0.002	0	0.05	0.006	-5	0.02	0.002	-30	0.01	reduced	rep69
848	1	3	0.00186889430825023	-32.5663444999058	0	0.00552993152598983	-5.85563076249407	0.0436913491326368	0.00263198508972322	-0.360885702206673	0.000311170286272771	2829087.17912606	0.002	0	0.05	0.006	-5	0.02	0.002	-30	0.01	full	rep70
842	1	3	0.00218265851362798	-28.6424539203985	0.0252187672033073	0.00584611165886701	-4.98380854547181	0.0252187672033073	0.00198627753926482	0.126991333377241	0.0252187672033073	2829085.92958422	0.002	0	0.05	0.006	-5	0.02	0.002	-30	0.01	reduced	rep70
3533	1	3	0.00223615817862261	-29.5951479356859	0	0.00200856117278353	-0.443411874677564	0.114278913706147	0.0057601922621409	-4.47361730297872	0	2831036.02534348	0.002	0	0.05	0.006	-5	0.02	0.002	-30	0.01	full	rep71
328	1	3	0.000529049537268899	3.85935407229885	0.0240027760288925	0.0069516250645158	-3.6146345705549	0.0240027760288925	0.00252026697448763	-27.1503463840998	0.0240027760288925	2831036.44456438	0.002	0	0.05	0.006	-5	0.02	0.002	-30	0.01	reduced	rep71
604	1	3	0.00260328184757999	-23.439712773439	0.0373998576202933	0.00672121745726535	-3.69859495263743	0.0208566363331473	0.000633057650410576	3.53452709957434	0.0224442045158014	2837901.22653202	0.002	0	0.05	0.006	-5	0.02	0.002	-30	0.01	full	rep72
822	1	3	0.000977195183172736	1.85510547680443	0.024945941554817	0.00663158364549591	-4.09758794983525	0.024945941554817	0.0023628956266893	-25.4720104766774	0.024945941554817	2837901.14011266	0.002	0	0.05	0.006	-5	0.02	0.002	-30	0.01	reduced	rep72
2086	1	3	0.00233092603778345	-23.8900580168714	0	0.00538159202930746	-4.59230681280987	0.00642949625289456	0.00222616098326889	-0.53060500161487	0.0876910741319848	2839707.5174351	0.002	0	0.05	0.006	-5	0.02	0.002	-30	0.01	full	rep73
1221	1	3	0.00288552373271286	-20.5680955671832	0.0237316912780755	0.00662606830707609	-3.28049865027927	0.0237316912780755	0.000409804549158375	4.8313717840461	0.0237316912780755	2839707.08216098	0.002	0	0.05	0.006	-5	0.02	0.002	-30	0.01	reduced	rep73
271	1	3	0.0068717490002525	-3.80797111824792	0	0.000673102520704096	2.80756016916446	0.266270864052743	0.00252320663264019	-27.4895531207072	0.0264584013590237	2835431.97435981	0.002	0	0.05	0.006	-5	0.02	0.002	-30	0.01	full	rep74
990	1	3	0.00245222021035705	-28.4220644392568	0.024409789152907	0.000756009185675734	2.61293443167889	0.024409789152907	0.00686813259963087	-3.94925590080114	0.024409789152907	2835432.04453034	0.002	0	0.05	0.006	-5	0.02	0.002	-30	0.01	reduced	rep74
75	1	3	0.00263298785605346	-23.4754409007972	0.0389230488894196	0.000459346818057774	5.21827768630064	0.00379648924736986	0.00683489180664875	-3.47545242643374	0.0200052091190604	2836404.14965321	0.002	0	0.05	0.006	-5	0.02	0.002	-30	0.01	full	rep75
1586	1	3	0.00240072405961398	-25.4276393343142	0.0239757578816773	0.000700154069815106	2.83575134114759	0.0239757578816773	0.00683977695755928	-3.80137805677317	0.0239757578816773	2836404.30605276	0.002	0	0.05	0.006	-5	0.02	0.002	-30	0.01	reduced	rep75
4325	1	3	0.00204813732572504	-0.0297459250975281	0.00570118666580245	0.00590721342615165	-5.02278252964929	0.0398729449211249	0.00206782492440364	-29.9199853554934	0	2834826.0458368	0.002	0	0.05	0.006	-5	0.02	0.002	-30	0.01	full	rep76
311	1	3	0.00670812034506753	-3.60415173598241	0.0254816667992623	0.00266235731480586	-23.9753013771962	0.0254816667992623	0.000617337796212617	2.8986952711466	0.0254816667992623	2834824.46584117	0.002	0	0.05	0.006	-5	0.02	0.002	-30	0.01	reduced	rep76
4491	1	3	0.00133004179911708	-37.1102597122314	0	0.00481131605589843	-7.22231590149002	0.0105918970380968	0.00381947240948956	-1.22917744844088	0.0473087448546384	2836285.98734463	0.002	0	0.05	0.006	-5	0.02	0.002	-30	0.01	full	rep77
213	1	3	0.00200842138955025	-26.6567596581637	0.024321059059099	0.00633069902021717	-4.80807056261448	0.024321059059099	0.00159058256776774	0.695953020579128	0.024321059059099	2836284.48772785	0.002	0	0.05	0.006	-5	0.02	0.002	-30	0.01	reduced	rep77
1565	1	3	0.00207744215227569	-0.156837076909235	0.0978716286484301	0.0018479518106125	-31.1451440960128	0.0145989265538553	0.00606181882068336	-5.13922303232613	0.00180309303497218	2833113.85885984	0.002	0	0.05	0.006	-5	0.02	0.002	-30	0.01	full	rep78
213	1	3	0.00212730195117461	-27.6223846444143	0.0245764470491772	0.00686910113695001	-4.33846004240794	0.0245764470491772	0.000975579694342676	2.06687809122379	0.0245764470491772	2833113.47146042	0.002	0	0.05	0.006	-5	0.02	0.002	-30	0.01	reduced	rep78
522	1	3	0.00416979521096837	-9.23415053736838	0	0.00111518353584176	-64.6820228212432	0	0.00488854224452203	-1.758749065607	0.0489696792739385	2844733.79883777	0.002	0	0.05	0.006	-5	0.02	0.002	-30	0.01	full	rep79
1566	1	3	0.000625930133880409	3.00578118335989	0.0246704858516729	0.00268965062615986	-22.7242393944648	0.0246704858516729	0.00667086332931361	-3.61135432441339	0.0246704858516729	2844731.40985989	0.002	0	0.05	0.006	-5	0.02	0.002	-30	0.01	reduced	rep79
3737	1	3	0.00273900874923458	-0.450070539201433	0.056160981554906	0.00154671169913868	-42.1883545459536	0.0398431489797916	0.00577798901685427	-6.16151986558302	0.00754450839852733	2835480.36861742	0.002	0	0.05	0.006	-5	0.02	0.002	-30	0.01	full	rep80
741	1	3	0.00230787851797903	0.0147136955228093	0.0251421406188638	0.00159547303664957	-39.0972030237223	0.0251421406188638	0.00613778122545737	-5.84834222771179	0.0251421406188638	2835480.44055604	0.002	0	0.05	0.006	-5	0.02	0.002	-30	0.01	reduced	rep80
1507	1	3	0.00522323521301729	-5.79096130904326	0	0.00170281060942004	-35.0254648797168	0	0.00307193187261908	-0.961600505338701	0.0756429370215413	2837446.22859467	0.002	0	0.05	0.006	-5	0.02	0.002	-30	0.01	full	rep81
1797	1	3	0.00693302739635884	-3.69139140126246	0.0240059995005359	0.00244582376481183	-24.5431112785119	0.0240059995005359	0.000559141763850529	3.90785622674694	0.0240059995005359	2837444.42500466	0.002	0	0.05	0.006	-5	0.02	0.002	-30	0.01	reduced	rep81
2392	1	3	0.00451660734822876	-8.07622633228717	0	0.00118706430075022	-49.2881462023331	0	0.00431869199020558	-1.513274913371	0.0547225863205183	2826665.72589766	0.002	0	0.05	0.006	-5	0.02	0.002	-30	0.01	full	rep82
665	1	3	0.00211465226444031	-26.9616446080376	0.0249266567822895	0.00127779361653393	1.23846018011242	0.0249266567822895	0.0065438219533587	-4.54136914994771	0.0249266567822895	2826663.79407362	0.002	0	0.05	0.006	-5	0.02	0.002	-30	0.01	reduced	rep82
2770	1	3	0.00175757461449934	0.288933003146989	0	0.0023091360288428	-26.3044036320014	0	0.00594958606315927	-4.69762482053288	0.0391968537874701	2835375.8091555	0.002	0	0.05	0.006	-5	0.02	0.002	-30	0.01	full	rep83
627	1	3	0.00283998909647782	-22.3886800164062	0.0240492301821551	0.000603175646823571	3.07980333484585	0.0240492301821551	0.00655083171425281	-3.53233491167466	0.0240492301821551	2835374.64323394	0.002	0	0.05	0.006	-5	0.02	0.002	-30	0.01	reduced	rep83
1410	1	3	0.00626301697386977	-4.31238991294017	0.00388019750361054	0.00234811435791079	-25.3833181746091	0.0284463395891822	0.00137531468995269	0.654697651701609	0.111362070978685	2837367.17359711	0.002	0	0.05	0.006	-5	0.02	0.002	-30	0.01	full	rep84
958	1	3	0.00148490140444329	0.738335795715923	0.0244563856253242	0.00626948530684708	-4.58524421575133	0.0244563856253242	0.00222534413768392	-25.8395567943061	0.0244563856253242	2837367.45421544	0.002	0	0.05	0.006	-5	0.02	0.002	-30	0.01	reduced	rep84
3641	1	3	0.00622693142788935	-5.17008648980043	0.0370891687848181	0.00188202516761626	-32.0055664189972	0	0.00190422976568543	0.273098296130245	0	2835646.5092822	0.002	0	0.05	0.006	-5	0.02	0.002	-30	0.01	full	rep85
1393	1	3	0.00109904594504136	1.52711753405359	0.0240059189203436	0.00664577462801459	-4.29030866839816	0.0240059189203436	0.00224908091535344	-27.3746558564934	0.0240059189203436	2835646.67016469	0.002	0	0.05	0.006	-5	0.02	0.002	-30	0.01	reduced	rep85
2754	1	3	0.00198894566914489	-33.0168672417282	0	0.00323217992328534	-1.08665104176857	0.0599996926243429	0.00487263162104096	-5.72241324663494	0.0086827180504585	2842471.87927601	0.002	0	0.05	0.006	-5	0.02	0.002	-30	0.01	full	rep86
281	1	3	0.00262017194252585	-25.442306628613	0.0244900273998519	0.000602747003612519	3.10651973450218	0.0244900273998519	0.00682583521356827	-3.6592309372668	0.0244900273998519	2842471.38074205	0.002	0	0.05	0.006	-5	0.02	0.002	-30	0.01	reduced	rep86
1352	1	3	0.00662264086922684	-3.20307391180297	0.0178914418961531	0.00309326082352985	-22.1778702709371	0.0406463918814831	0.000351112981470655	7.45915387251214	0.00963758059169969	2849823.43987718	0.002	0	0.05	0.006	-5	0.02	0.002	-30	0.01	full	rep87
468	1	3	0.00298222193532629	-22.6006719781212	0.0242564323110684	0.00667329602144582	-3.30025021417993	0.0242564323110684	0.000412442936294596	4.96451480163977	0.0242564323110684	2849823.2127576	0.002	0	0.05	0.006	-5	0.02	0.002	-30	0.01	reduced	rep87
12	1	3	0.00215767667984917	-24.6944105573527	0	0.00152331450664593	0.608885293898286	0	0.00626351896971847	-4.64762053483631	0.0376030100882253	2835316.05080105	0.002	0	0.05	0.006	-5	0.02	0.002	-30	0.01	full	rep88
1927	1	3	0.000692551773186871	2.77366042752244	0.0244034748656599	0.0066434046677184	-3.77199543822989	0.0244034748656599	0.00259958004169174	-21.8018207739972	0.0244034748656599	2835316.33006991	0.002	0	0.05	0.006	-5	0.02	0.002	-30	0.01	reduced	rep88
2712	1	3	0.00147156022013399	-35.9089271216835	0	0.00579725044042844	-6.40618799798926	0.041875924312372	0.00270305449132243	-0.28961036609728	0	2828126.25383093	0.002	0	0.05	0.006	-5	0.02	0.002	-30	0.01	full	rep89
819	1	3	0.00270159464781542	-0.358627111313591	0.025259310156686	0.00567148170025372	-6.18547837819496	0.025259310156686	0.00159500818373247	-33.6425941859284	0.025259310156686	2828125.09927927	0.002	0	0.05	0.006	-5	0.02	0.002	-30	0.01	reduced	rep89
4352	1	3	0.00415597644510994	-6.77500769967832	0	0.00412178941873198	-1.48155272850904	0.0571070457909068	0.00169178260043788	-31.8318638597656	0	2837554.4551407	0.002	0	0.05	0.006	-5	0.02	0.002	-30	0.01	full	rep90
1091	1	3	0.00669021513424762	-3.57808978174009	0.0245485708955688	0.002631967602957	-22.4657273897794	0.0245485708955688	0.000602901928410532	3.09457800474661	0.0245485708955688	2837552.62681331	0.002	0	0.05	0.006	-5	0.02	0.002	-30	0.01	reduced	rep90
1996	1	3	0.00451968863560408	-6.50293983581235	0	0.00380635091300263	-1.35029674443139	0.0611008210349135	0.00166237389976024	-32.2936106512494	0	2841923.43798732	0.002	0	0.05	0.006	-5	0.02	0.002	-30	0.01	full	rep91
818	1	3	0.00249810110616624	-23.3414495108425	0.0242197181003769	0.00067519444723396	2.84825048806926	0.0242197181003769	0.00677636565047446	-3.76070397599084	0.0242197181003769	2841922.56256424	0.002	0	0.05	0.006	-5	0.02	0.002	-30	0.01	reduced	rep91
4042	1	3	0.00450503970928044	-7.38864286942331	0	0.00411731960860478	-1.42563804276877	0.056008301023014	0.00153993322839771	-47.1359116865042	0	2839082.90894756	0.002	0	0.05	0.006	-5	0.02	0.002	-30	0.01	full	rep92
263	1	3	0.00205586282866565	-34.8766479654703	0.0243041431896328	0.00147203849498602	0.933702542248872	0.0243041431896328	0.00659189413042118	-4.8059867618608	0.0243041431896328	2839080.9809796	0.002	0	0.05	0.006	-5	0.02	0.002	-30	0.01	reduced	rep92
95	1	3	0.00223304167531694	-28.489845997834	0.0154831478826091	0.000894329448264616	2.01871537470924	0.0615240490512225	0.00682394581057649	-4.05544385820096	0.0220320233125931	2827267.11490053	0.002	0	0.05	0.006	-5	0.02	0.002	-30	0.01	full	rep93
292	1	3	0.00234933995235278	-27.1626120413653	0.0244203609156328	0.00691040158519973	-3.84498317961389	0.0244203609156328	0.000683607411077725	3.12583603703775	0.0244203609156328	2827266.87851766	0.002	0	0.05	0.006	-5	0.02	0.002	-30	0.01	reduced	rep93
305	1	3	0.00269962385641328	-23.5815651726106	0.021030793330002	0.00669570001487852	-3.53192799730139	0	0.000569313245017734	3.0894842021761	0.321733247377779	2829499.10352164	0.002	0	0.05	0.006	-5	0.02	0.002	-30	0.01	full	rep94
1151	1	3	0.000591735917472993	3.20606896270111	0.0242711937473275	0.00266763455465044	-23.9306357480727	0.0242711937473275	0.00670919933094625	-3.59429609618252	0.0242711937473275	2829499.06790743	0.002	0	0.05	0.006	-5	0.02	0.002	-30	0.01	reduced	rep94
2600	1	3	0.00600329702974674	-5.88777151621197	0.0394145831210977	0.00152740645908286	-32.5546430056079	0	0.00238955654456148	-0.0992209949433944	0	2831699.86352938	0.002	0	0.05	0.006	-5	0.02	0.002	-30	0.01	full	rep95
76	1	3	0.0018412664031216	-27.9340560409011	0.0246655343538131	0.0019222583064855	0.283619508685732	0.0246655343538131	0.00614321485492153	-5.17367937348407	0.0246655343538131	2831700.11507849	0.002	0	0.05	0.006	-5	0.02	0.002	-30	0.01	reduced	rep95
3921	1	3	0.00253278602145755	-0.33207080982003	0.0255064000622179	0.00169455705239478	-39.9989399402172	0	0.00588307612383176	-5.83414779293791	0.0296464349516955	2842874.69516123	0.002	0	0.05	0.006	-5	0.02	0.002	-30	0.01	full	rep96
601	1	3	0.00132329542301019	1.11820364169953	0.024775705127857	0.00212700074568145	-30.6799115458402	0.024775705127857	0.00661055081439633	-4.56598770029958	0.024775705127857	2842873.93933102	0.002	0	0.05	0.006	-5	0.02	0.002	-30	0.01	reduced	rep96
1840	1	3	0.00159595437080645	0.713029511066945	0.0010586148179284	0.0062994592845766	-4.71737435306405	0.0313682590795023	0.00215851096621719	-32.0923312351254	0.0197801402232905	2834214.12187028	0.002	0	0.05	0.006	-5	0.02	0.002	-30	0.01	full	rep97
451	1	3	0.00633009639870366	-4.55853439576639	0.024256184763298	0.00149059214797228	0.806706951185135	0.024256184763298	0.00222599077335089	-31.0015283890345	0.024256184763298	2834214.10287186	0.002	0	0.05	0.006	-5	0.02	0.002	-30	0.01	reduced	rep97
4385	1	3	0.00195828636798775	-31.8323457184517	0.00895289795922386	0.00446661866848968	-6.33827294039791	0	0.00362585749032634	-1.15221998372309	0.0609154135103235	2833749.77817386	0.002	0	0.05	0.006	-5	0.02	0.002	-30	0.01	full	rep98
1779	1	3	0.000673609794267821	2.93132596279017	0.0242685622527642	0.0064905428424562	-3.58253516281936	0.0242685622527642	0.00283427973608216	-23.1091807766277	0.0242685622527642	2833749.56943184	0.002	0	0.05	0.006	-5	0.02	0.002	-30	0.01	reduced	rep98
3572	1	3	0.00385145286456568	-1.35242301218673	0.0569986571571897	0.00475599274955795	-6.81633380970285	0.00367397620465532	0.00159766474385481	-50.0908855244313	0	2846052.52115212	0.002	0	0.05	0.006	-5	0.02	0.002	-30	0.01	full	rep99
1610	1	3	0.00679585656964943	-4.78732969110295	0.0249357084419811	0.0019578494191851	-39.7865716696356	0.0249357084419811	0.00141763737437413	0.931134193781485	0.0249357084419811	2846050.50857902	0.002	0	0.05	0.006	-5	0.02	0.002	-30	0.01	reduced	rep99
2123	1	3	0.00302945673953798	-0.818631212870348	0.0701462672726364	0.00167768793827065	-37.0693128105246	0.0167867948625684	0.00534727507544527	-6.02097334249793	0	2841803.66208533	0.002	0	0.05	0.006	-5	0.02	0.002	-30	0.01	full	rep100
532	1	3	0.00199142520799703	-31.4020464088059	0.0244357578877007	0.00665068407672198	-4.72734500699413	0.0244357578877007	0.00138838242272983	1.10722037470461	0.0244357578877007	2841803.13682775	0.002	0	0.05	0.006	-5	0.02	0.002	-30	0.01	reduced	rep100
