run	imp	exit_code	theta_1	gamma_1	e_1	theta_2	gamma_2	e_2	theta_3	gamma_3	e_3	lnL	sim_theta_1	sim_gamma_1	sim_e_1	sim_theta_2	sim_gamma_2	sim_e_2	sim_theta_3	sim_gamma_3	sim_e_3	model	rep
2244	1	3	0.0040833036693284	-1.455958972043	0.0568218870318918	0.00436256687042689	-7.03893745836551	0	0.00166323062982671	-41.9297963125413	0	2830027.53568438	0.002	0	0.05	0.006	-5	0.02	0.002	-30	0.01	full	rep1
1031	1	3	0.000246080600513693	1194.73921293216	0	0.00339373338841827	-17.9711990296913	0	0.00603203142900196	-2.74126063955729	0	2830019.6717168	0.002	0	0.05	0.006	-5	0.02	0.002	-30	0.01	reduced	rep1
738	1	3	0.00230513937795561	-30.9493727645286	0.0318207054618387	0.00704665565039516	-3.95536465305582	0.0243106033768584	0.000722273069866999	3.00232604495434	0	2845182.01993138	0.002	0	0.05	0.006	-5	0.02	0.002	-30	0.01	full	rep2
186	1	3	0.00605090313436907	-2.6955047384347	0	0.00336929830068526	-17.3683672166406	0	0.000238830061684747	4390.44517969641	0	2845162.41632806	0.002	0	0.05	0.006	-5	0.02	0.002	-30	0.01	reduced	rep2
614	1	3	0.00230647452745451	-25.2888072823265	0	0.00318840543732233	-1.09532771051576	0.0717241611721499	0.00449130742813289	-5.24496322127962	0	2840730.93103499	0.002	0	0.05	0.006	-5	0.02	0.002	-30	0.01	full	rep3
696	1	3	0.000237752244694176	2932.61472257486	0	0.00356436674987747	-16.7240951012721	0	0.00586488318148516	-2.60718787478518	0	2840725.49528145	0.002	0	0.05	0.006	-5	0.02	0.002	-30	0.01	reduced	rep3
1497	1	3	0.0059805788368483	-5.98166522851009	0.0191684861835626	0.00252229205327372	-0.268473058513943	0.03720925254251	0.00160280346091655	-42.295094796944	0.0259268913762921	2840560.97985127	0.002	0	0.05	0.006	-5	0.02	0.002	-30	0.01	full	rep4
1610	1	3	0.00564570207841028	-2.53198706184817	0	0.00373128502226428	-15.0564414498163	0	0.00023832204861796	3022.10934391513	0	2840540.76316517	0.002	0	0.05	0.006	-5	0.02	0.002	-30	0.01	reduced	rep4
2754	1	3	0.00193433181387168	-28.9538070433314	0.0250434697178764	0.00193129864484846	0.191490337321228	0.0734059514365889	0.00611578597130959	-5.06554652839358	0.0086058606479897	2842166.92288978	0.002	0	0.05	0.006	-5	0.02	0.002	-30	0.01	full	rep5
241	1	3	0.000237310540330612	4629.57712728668	0	0.00393331644819902	-13.9354779978412	0	0.00541173787947323	-2.40516257563828	0	2842153.61033953	0.002	0	0.05	0.006	-5	0.02	0.002	-30	0.01	reduced	rep5
3737	1	3	0.00655746983944993	-5.62258835762168	0.0347673808093369	0.00199612730420435	0.296819668189234	0.00419629316593695	0.00147333242181262	-43.4970680778042	0	2835113.08976643	0.002	0	0.05	0.006	-5	0.02	0.002	-30	0.01	full	rep6
1437	1	3	0.00556454655446677	-2.53014014047239	0	0.00372579316585561	-14.0072998827227	0	0.000241197188583738	3281.46304392497	0	2835095.21343132	0.002	0	0.05	0.006	-5	0.02	0.002	-30	0.01	reduced	rep6
2445	1	3	0.00204655552077319	-28.5809144391787	0	0.00360055722091855	-1.23012861430994	0.0643762033047459	0.00434860567592798	-5.9494400168853	0	2835974.99667879	0.002	0	0.05	0.006	-5	0.02	0.002	-30	0.01	full	rep7
1500	1	3	0.00356612335103412	-16.7275616780358	0	0.00583991953456532	-2.60156720154124	0	0.000242293999477545	2120.91764750313	0	2835967.8224616	0.002	0	0.05	0.006	-5	0.02	0.002	-30	0.01	reduced	rep7
3040	1	3	0.00113626884707009	1.37112105912607	0	0.00662153773309093	-4.283695915875	0.033800159720747	0.00227275305254778	-28.218248001339	0	2839958.07324496	0.002	0	0.05	0.006	-5	0.02	0.002	-30	0.01	full	rep8
202	1	3	0.000236397038199992	3791.7253512863	0	0.00367558543134659	-15.9906580417758	0	0.00574267309578859	-2.55629042771503	0	2839939.04315901	0.002	0	0.05	0.006	-5	0.02	0.002	-30	0.01	reduced	rep8
3076	1	3	0.00659632278058297	-4.28530267389555	0.0358786205074993	0.00219789569817535	-28.1094183462249	0	0.00118383717353944	1.13984480536222	0	2833792.48953002	0.002	0	0.05	0.006	-5	0.02	0.002	-30	0.01	full	rep9
1918	1	3	0.000250423307922586	1701.76911699674	0	0.00600693648409339	-2.72554142541662	0	0.00336251313672374	-17.194205531076	0	2833781.56586684	0.002	0	0.05	0.006	-5	0.02	0.002	-30	0.01	reduced	rep9
2201	1	3	0.00257871766759204	-19.8152238051652	0	0.00124039170297283	0.909307645252652	0	0.00602561711080671	-4.03905590408446	0.0371560989494203	2833458.11684026	0.002	0	0.05	0.006	-5	0.02	0.002	-30	0.01	full	rep10
494	1	3	0.00383467833788239	-14.1661481961648	0	0.000231661464079273	2933.43874319294	0	0.00549015795050234	-2.4417759270958	0	2833453.97543623	0.002	0	0.05	0.006	-5	0.02	0.002	-30	0.01	reduced	rep10
1332	1	3	0.00139213970131745	-52.0782835114146	0.0224892511430037	0.00456452715762541	-1.66201711906839	0.0492425634369356	0.00417120247044024	-8.15803348141978	0	2826469.87129389	0.002	0	0.05	0.006	-5	0.02	0.002	-30	0.01	full	rep11
357	1	3	0.00329856936541741	-17.9963612113722	0	0.00609670699307408	-2.78669541742806	0	0.000244240781509402	5000	0	2826459.34998135	0.002	0	0.05	0.006	-5	0.02	0.002	-30	0.01	reduced	rep11
4660	1	3	0.00652681164660478	-5.12337914264691	0.0346824296945592	0.00192138702430431	-37.0270164370523	0	0.00168478345022714	0.62513666523741	0	2837797.76354646	0.002	0	0.05	0.006	-5	0.02	0.002	-30	0.01	full	rep12
666	1	3	0.000237742514774845	1896.78581367589	0	0.00573576271582569	-2.59110813483249	0	0.00370258349055253	-16.0075081386484	0	2837776.72589739	0.002	0	0.05	0.006	-5	0.02	0.002	-30	0.01	reduced	rep12
2201	1	3	0.00194032056937989	-32.2805438055561	0	0.00179016038231522	0.425700767967731	0	0.00626006918067619	-5.0685399143457	0.0369533843356897	2821012.9045063	0.002	0	0.05	0.006	-5	0.02	0.002	-30	0.01	full	rep13
1895	1	3	0.00363995744019525	-15.8490224155689	0	0.0057093163109035	-2.57108550772022	0	0.000237596622770456	3551.8597370026	0	2821000.26632395	0.002	0	0.05	0.006	-5	0.02	0.002	-30	0.01	reduced	rep13
586	1	3	0.000772132413979314	2.42880312184682	0.00220342525836313	0.00236701962706952	-25.3868285063736	0.0263055965773514	0.00680278298544454	-3.87657441940938	0.0261417329840705	2837672.52361737	0.002	0	0.05	0.006	-5	0.02	0.002	-30	0.01	full	rep14
465	1	3	0.000257330004506269	2175.82112910315	0	0.00266746960348205	-53.0629981944994	0	0.00733704759049786	-3.31793887123716	0	2837543.24786469	0.002	0	0.05	0.006	-5	0.02	0.002	-30	0.01	reduced	rep14
1596	1	3	0.00108852786161406	1.71733177309931	0.00109225911613347	0.00216856419106302	-32.1998362465273	0.0184113314076739	0.00683060312398828	-4.3893752615413	0.0288592572199413	2842367.89774687	0.002	0	0.05	0.006	-5	0.02	0.002	-30	0.01	full	rep15
1920	1	3	0.00587772582277668	-2.62848320412368	0	0.000240941225940235	2473.56211523777	0	0.00354835865245669	-16.6733086988654	0	2842344.13967977	0.002	0	0.05	0.006	-5	0.02	0.002	-30	0.01	reduced	rep15
1250	1	3	0.00631041186443603	-4.58536393610883	0.0366071111777897	0.00154305708750177	0.555943765059789	0	0.00223501702653316	-30.8095025738802	0	2838944.46787705	0.002	0	0.05	0.006	-5	0.02	0.002	-30	0.01	full	rep16
1739	1	3	0.000241374415727607	1830.93068775812	0	0.00608299641673694	-2.7318557567854	0	0.00339808434814132	-18.5458229284983	0	2838933.34954898	0.002	0	0.05	0.006	-5	0.02	0.002	-30	0.01	reduced	rep16
2123	1	3	0.00439304578565551	-1.51190578043502	0.0504170395331706	0.00154561588975736	-35.8279725433271	0.0134246692747524	0.00408598353934308	-7.77092667204798	0	2834850.64717581	0.002	0	0.05	0.006	-5	0.02	0.002	-30	0.01	full	rep17
1375	1	3	0.00578024125545901	-2.56594169173271	0	0.000238655275430326	4863.67314705661	0	0.00362250017513266	-16.4094884612583	0	2834843.92733702	0.002	0	0.05	0.006	-5	0.02	0.002	-30	0.01	reduced	rep17
296	1	3	0.00210342215645581	0.215999830424107	0	0.00161136030904111	-35.3805877449675	0	0.00627000469525478	-5.64289925078546	0.0372211429952015	2832556.7694171	0.002	0	0.05	0.006	-5	0.02	0.002	-30	0.01	full	rep18
56	1	3	0.00544586276963895	-2.43454405369765	0	0.00387477205990739	-14.0851720434218	0	0.000235999880226209	4150.77774096412	0	2832544.59947706	0.002	0	0.05	0.006	-5	0.02	0.002	-30	0.01	reduced	rep18
586	1	3	0.00143237450770265	0.938295427368074	0.00150612876368955	0.00201391834670464	-28.1074242725071	0.0188087272859163	0.00649671114002125	-4.67551626991922	0.03168038771666	2833419.36410824	0.002	0	0.05	0.006	-5	0.02	0.002	-30	0.01	full	rep19
1629	1	3	0.00574803073629879	-2.59318010028589	0	0.000241696800746	4773.23860623504	0	0.00357673090290279	-15.287407111775	0	2833404.40669269	0.002	0	0.05	0.006	-5	0.02	0.002	-30	0.01	reduced	rep19
4704	1	3	0.00616949381687842	-5.84299606809137	0.0393077233327308	0.00160545265019724	-34.1632641231965	0	0.00222610385742632	0.0736855073256996	0	2830628.83591596	0.002	0	0.05	0.006	-5	0.02	0.002	-30	0.01	full	rep20
56	1	3	0.00546767296024864	-2.49558062047498	0	0.00387693431772502	-14.3537141281422	0	0.000242669105984848	4150.77894904285	0	2830617.90664038	0.002	0	0.05	0.006	-5	0.02	0.002	-30	0.01	reduced	rep20
738	1	3	0.00218154128389553	-28.3893920893835	0	0.0062263308036952	-4.61039744228067	0.0377312714079784	0.00160212442207186	0.526059523301887	0	2840391.56492073	0.002	0	0.05	0.006	-5	0.02	0.002	-30	0.01	full	rep21
1533	1	3	0.00349490958200213	-16.917915867343	0	0.000241477885053637	4015.76616309849	0	0.00591372392849201	-2.63069293440734	0	2840382.22583832	0.002	0	0.05	0.006	-5	0.02	0.002	-30	0.01	reduced	rep21
4018	1	3	0.00135827634981615	1.20593275620124	0.00508389216481773	0.00657157411136077	-4.66936959317988	0.0281934548483279	0.00211574416784879	-29.1169201508888	0.0237693802759268	2845639.79505869	0.002	0	0.05	0.006	-5	0.02	0.002	-30	0.01	full	rep22
1772	1	3	0.00382590028889708	-14.9441885878246	0	0.000236879072961568	4015.87544202217	0	0.00558080344863053	-2.48469567865236	0	2845624.15188326	0.002	0	0.05	0.006	-5	0.02	0.002	-30	0.01	reduced	rep22
4776	1	3	0.000642388402333631	3.27056076794247	0.0447761478021793	0.00655669425986462	-3.6403027290008	0.0206793096560206	0.00268145409200789	-20.6430647927616	0.0276098860914875	2834186.76275656	0.002	0	0.05	0.006	-5	0.02	0.002	-30	0.01	full	rep23
131	1	3	0.00385810423559315	-14.0575131212604	0	0.000237689349230898	4191.01771527506	0	0.00545917614413455	-2.44475535474285	0	2834177.89111958	0.002	0	0.05	0.006	-5	0.02	0.002	-30	0.01	reduced	rep23
738	1	3	0.00240685020998106	-23.3419629038797	0	0.00607153698728524	-4.36761726528796	0.0389622262812418	0.00145866476641859	0.632910433193522	0	2832102.04845042	0.002	0	0.05	0.006	-5	0.02	0.002	-30	0.01	full	rep24
653	1	3	0.00366964056488993	-15.641717599958	0	0.000242400412708622	3968.99322449177	0	0.00570056158546371	-2.57197320448688	0	2832095.42357973	0.002	0	0.05	0.006	-5	0.02	0.002	-30	0.01	reduced	rep24
1250	1	3	0.00078905105169392	1.36887489919949	0.288286542825115	0.00648165879013975	-3.57651088950352	0	0.00262597695511798	-21.9381361390306	0	2832353.65421196	0.002	0	0.05	0.006	-5	0.02	0.002	-30	0.01	full	rep25
739	1	3	0.00358183280064703	-15.7086982290883	0	0.00576093805979864	-2.59251224727973	0	0.000244333795326032	1793.29395724625	0	2832344.86260117	0.002	0	0.05	0.006	-5	0.02	0.002	-30	0.01	reduced	rep25
3479	1	3	0.00201515310473938	-28.581237474425	0	0.00645647267553548	-4.57650251590966	0.0365388543930097	0.00147616613063183	0.650925687888031	0	2837696.25171169	0.002	0	0.05	0.006	-5	0.02	0.002	-30	0.01	full	rep26
1847	1	3	0.00332773991783863	-16.5698677464267	0	0.00601738513771708	-2.72391514958127	0	0.000245440474073724	1981.06121304261	0	2837684.85986331	0.002	0	0.05	0.006	-5	0.02	0.002	-30	0.01	reduced	rep26
738	1	3	0.00270693618236222	-23.5797137340396	0	0.00655226340016915	-3.59812298009294	0.0357853123029695	0.000722741431179125	1.89121977723082	0	2830641.11903197	0.002	0	0.05	0.006	-5	0.02	0.002	-30	0.01	full	rep27
98	1	3	0.00604270021613971	-2.73918283745969	0	0.00339079228150594	-18.2445105167851	0	0.000247130438541611	2158.84115360096	0	2830635.75092484	0.002	0	0.05	0.006	-5	0.02	0.002	-30	0.01	reduced	rep27
2183	1	3	0.0061666944884598	-4.98443365441834	0.0386626510918511	0.00187596106937597	0.257062082008879	0	0.00202819092559672	-33.6808578169515	0	2837072.91217433	0.002	0	0.05	0.006	-5	0.02	0.002	-30	0.01	full	rep28
194	1	3	0.000242999093716861	4712.96951720232	0	0.00341143572460654	-17.8322835229028	0	0.0060122714461165	-2.68203898787519	0	2837060.62912606	0.002	0	0.05	0.006	-5	0.02	0.002	-30	0.01	reduced	rep28
871	1	3	0.00481738075371969	-7.99017337268087	0	0.00414619452392871	-1.38909612703485	0.0525312615618254	0.00114531602469608	-65.4163628572311	0.0187279199527728	2834373.63320452	0.002	0	0.05	0.006	-5	0.02	0.002	-30	0.01	full	rep29
877	1	3	0.000233030330691442	4726.93608629811	0	0.00549307764993789	-2.45390510500283	0	0.00381760997830143	-14.0047427889214	0	2834358.74791378	0.002	0	0.05	0.006	-5	0.02	0.002	-30	0.01	reduced	rep29
3014	1	3	0.00640081142297202	-3.55120671171859	0.0108660220776175	0.000660860710456522	2.76769682349335	0.114573769884643	0.00293559830145587	-21.247305485042	0.0384357934993257	2836867.08769547	0.002	0	0.05	0.006	-5	0.02	0.002	-30	0.01	full	rep30
646	1	3	0.00315382412986089	-111.810078134812	0	0.000272160488042567	1444.70207226902	0	0.00766338729509821	-3.54982736395033	0	2836576.70861424	0.002	0	0.05	0.006	-5	0.02	0.002	-30	0.01	reduced	rep30
4989	1	3	0.00454876905848717	-6.5417890427429	0	0.00178633074448232	-41.2645888397575	0	0.00379558110629403	-1.36057882193015	0.0614884309641679	2827023.38180805	0.002	0	0.05	0.006	-5	0.02	0.002	-30	0.01	full	rep31
99	1	3	0.00338377485297623	-18.2624313314069	0	0.000243478108418093	2893.87872338697	0	0.00605335044999956	-2.75887911345013	0	2827010.21697763	0.002	0	0.05	0.006	-5	0.02	0.002	-30	0.01	reduced	rep31
1978	1	3	0.00264362181877213	-0.587803309441457	0.0632347067872371	0.00535818399943701	-5.43002099368813	0.00779359641368063	0.00202159999596668	-30.6610999336192	0.0186913559689261	2831256.91719847	0.002	0	0.05	0.006	-5	0.02	0.002	-30	0.01	full	rep32
1743	1	3	0.00356025490420759	-16.6412604152292	0	0.00583719582624608	-2.62426636269867	0	0.000241160386116412	4755.40114796375	0	2831245.26965354	0.002	0	0.05	0.006	-5	0.02	0.002	-30	0.01	reduced	rep32
2785	1	3	0.00650800865983837	-3.29025153637981	0.00481737167992318	0.000394797178924567	8.0326679068137	0.140457713982324	0.00311429367207032	-20.8463999406517	0.0529823928446636	2845190.41655859	0.002	0	0.05	0.006	-5	0.02	0.002	-30	0.01	full	rep33
1743	1	3	0.00364685676263566	-16.2867600585005	0	0.005805465869119	-2.63870432234792	0	0.000244990581639621	4755.36507558724	0	2845181.12126878	0.002	0	0.05	0.006	-5	0.02	0.002	-30	0.01	reduced	rep33
2053	1	3	0.00115508096720623	-71.4964703405894	0.00175438138685922	0.00460071001700789	-1.57568038745573	0.048067280299632	0.00442060880475645	-8.8121437250259	0	2839293.62032384	0.002	0	0.05	0.006	-5	0.02	0.002	-30	0.01	full	rep34
264	1	3	0.00374791856090726	-15.1803122749467	0	0.0056317128921418	-2.45894672446181	0	0.000227524934476592	4288.72341095027	0	2839281.5786628	0.002	0	0.05	0.006	-5	0.02	0.002	-30	0.01	reduced	rep34
3299	1	3	0.00584745616072751	-5.78014087871079	0.0327980726635117	0.00158163873153005	-32.347350726377	0	0.00251982888667909	-0.32764742264027	0.0181890134605322	2842553.89292042	0.002	0	0.05	0.006	-5	0.02	0.002	-30	0.01	full	rep35
726	1	3	0.000238413112414259	4226.68404498198	0	0.00574071585218123	-2.58160772780658	0	0.00358922388328711	-14.8171545686916	0	2842545.64883438	0.002	0	0.05	0.006	-5	0.02	0.002	-30	0.01	reduced	rep35
591	1	3	0.00197869597323555	-33.1329411048288	0	0.00167931437719922	0.515990645247129	0	0.0063880556001731	-4.90296158751615	0.0361483307203774	2835981.82102867	0.002	0	0.05	0.006	-5	0.02	0.002	-30	0.01	full	rep36
623	1	3	0.00352807086472522	-16.4983803668267	0	0.000237602557314931	4729.35181798941	0	0.00587023374117781	-2.62901218700218	0	2835967.82740721	0.002	0	0.05	0.006	-5	0.02	0.002	-30	0.01	reduced	rep36
4997	1	3	0.00198210645297453	-36.6708864331342	0	0.00612911947131134	-4.65617523026336	0	0.00194640667228695	-0.290496933487028	0.119804735988549	2837984.57077474	0.002	0	0.05	0.006	-5	0.02	0.002	-30	0.01	full	rep37
317	1	3	0.000253267653476811	1376.12994770181	0	0.00310242200000216	-18.9827754409902	0	0.0062792521127312	-2.83604612609338	0	2837969.56546171	0.002	0	0.05	0.006	-5	0.02	0.002	-30	0.01	reduced	rep37
82	1	3	0.000572026169002199	3.66281937401622	0.207994347600337	0.00286340550814027	-24.1920061596664	0.0337192763812586	0.00665252357136415	-3.55628682704878	0.00595169721633343	2842950.61375447	0.002	0	0.05	0.006	-5	0.02	0.002	-30	0.01	full	rep38
122	1	3	0.00592744203022397	-2.67025805943103	0	0.00357169285088317	-17.7871493246937	0	0.000245704589600743	4057.49260934416	0	2842940.70935275	0.002	0	0.05	0.006	-5	0.02	0.002	-30	0.01	reduced	rep38
3299	1	3	0.00649773309839852	-4.52170688965329	0.0172246188625269	0.00215496401705723	-32.2081130508229	0.00918504102056384	0.00144680322800496	0.592261676349111	0.0728859024587628	2843362.03139878	0.002	0	0.05	0.006	-5	0.02	0.002	-30	0.01	full	rep39
919	1	3	0.000241451162846736	4843.75703792443	0	0.00347840603648099	-17.1072898918538	0	0.00596504581587352	-2.68876569530467	0	2843348.91395998	0.002	0	0.05	0.006	-5	0.02	0.002	-30	0.01	reduced	rep39
3763	1	3	0.00654234167098826	-5.73951085220678	0.0360474364615467	0.0015927352930426	-56.350138822231	0	0.00204036386413273	0.317942931110358	0	2826371.82242305	0.002	0	0.05	0.006	-5	0.02	0.002	-30	0.01	full	rep40
1596	1	3	0.00564922807660676	-2.54433240445779	0	0.000241539242353506	3133.09031141599	0	0.00366456120672368	-15.1271440925385	0	2826345.70474435	0.002	0	0.05	0.006	-5	0.02	0.002	-30	0.01	reduced	rep40
728	1	3	0.00201695986272925	-32.1452325415458	0.00762748376015616	0.00269492744054771	-0.800363202147328	0.0811543078577914	0.00530302302802242	-5.26751884724345	0	2823524.03218569	0.002	0	0.05	0.006	-5	0.02	0.002	-30	0.01	full	rep41
752	1	3	0.00597677258422125	-2.71872353032983	0	0.00340995693234315	-17.2804677699751	0	0.000239288194845701	3904.04994305896	0	2823511.9120184	0.002	0	0.05	0.006	-5	0.02	0.002	-30	0.01	reduced	rep41
3299	1	3	0.00632528320088186	-4.95510749522664	0.0380139992787082	0.00201301679299079	-32.3196846707689	0.00223840735507564	0.00173707942202886	0.405307175438896	0	2838920.86903899	0.002	0	0.05	0.006	-5	0.02	0.002	-30	0.01	full	rep42
751	1	3	0.00346305585052921	-17.1347318068363	0	0.000248410643925504	4108.35853759214	0	0.005961761355293	-2.71946357216685	0	2838910.41808447	0.002	0	0.05	0.006	-5	0.02	0.002	-30	0.01	reduced	rep42
3299	1	3	0.00454795992407589	-6.74199679036765	0	0.00157520440191926	-32.3576120678367	0	0.0038397377397443	-1.31148032700127	0.0615407131261494	2839413.66780034	0.002	0	0.05	0.006	-5	0.02	0.002	-30	0.01	full	rep43
245	1	3	0.000245749825896957	2341.46089929165	0	0.0056570928922539	-2.55429004071018	0	0.00368122485610988	-14.8958132530889	0	2839406.65992728	0.002	0	0.05	0.006	-5	0.02	0.002	-30	0.01	reduced	rep43
1750	1	3	0.000998302084299597	-72.4519782337254	0	0.00485789894288479	-1.74607394208702	0.0492355440247975	0.0042455248924195	-9.2015306945212	0	2836157.42039167	0.002	0	0.05	0.006	-5	0.02	0.002	-30	0.01	full	rep44
356	1	3	0.000242719635144402	4738.54074881279	0	0.00353543750214756	-15.3758644728052	0	0.00578896927578769	-2.61047581696628	0	2836148.62542557	0.002	0	0.05	0.006	-5	0.02	0.002	-30	0.01	reduced	rep44
1900	1	3	0.00116781959315989	1.46275512540356	0.00291655692252649	0.00673133831709727	-4.47757633912882	0.0295520808769045	0.00207332024890363	-28.8919559791684	0.0135501653237666	2832349.34980843	0.002	0	0.05	0.006	-5	0.02	0.002	-30	0.01	full	rep45
1512	1	3	0.00373781103755967	-14.7207434026359	0	0.00560711073796679	-2.52381716083057	0	0.000233664860832705	3936.59550485043	0	2832333.20289334	0.002	0	0.05	0.006	-5	0.02	0.002	-30	0.01	reduced	rep45
3299	1	3	0.0058190123828076	-5.66356394069029	0.0292679284799779	0.00171861955084606	-32.402442040148	0.0133679654881698	0.00242310837085362	-0.251760035735427	0.0227266336292598	2828448.60163136	0.002	0	0.05	0.006	-5	0.02	0.002	-30	0.01	full	rep46
1792	1	3	0.000242061764721687	3972.095528258	0	0.00355681745980733	-15.5673847691191	0	0.00577051350774212	-2.61541101295476	0	2828441.23444897	0.002	0	0.05	0.006	-5	0.02	0.002	-30	0.01	reduced	rep46
3299	1	3	0.00619494879584209	-5.64220392326733	0.0387305213922401	0.00161095689734413	-33.0702170418363	0	0.00217727902940764	0.102483823552726	0	2843523.48067285	0.002	0	0.05	0.006	-5	0.02	0.002	-30	0.01	full	rep47
457	1	3	0.00376966571398247	-14.3236293288359	0	0.00024118951048287	3963.62665712702	0	0.00556910766684275	-2.50401456636496	0	2843513.85354774	0.002	0	0.05	0.006	-5	0.02	0.002	-30	0.01	reduced	rep47
2955	1	3	0.00158366141514594	-43.4741014883653	0.0360790675695448	0.00610680081315191	-5.74936254396542	0	0.00238768534043444	-0.264999241698703	0.0826726029444496	2834091.25098833	0.002	0	0.05	0.006	-5	0.02	0.002	-30	0.01	full	rep48
579	1	3	0.000241119237241862	4981.44158448693	0	0.00533897282441557	-2.41678052171578	0	0.00396058494844938	-13.468191541689	0	2834066.72262317	0.002	0	0.05	0.006	-5	0.02	0.002	-30	0.01	reduced	rep48
311	1	3	0.00271526058059584	-22.06044760322	0.0274527832287998	0.00635197908669342	-3.87390668690504	0.0265055258285658	0.000900866446987294	2.11668758549017	0.0033239084626392	2836496.06450985	0.002	0	0.05	0.006	-5	0.02	0.002	-30	0.01	full	rep49
1446	1	3	0.000239244874578174	4839.14600274877	0	0.00556954870608455	-2.47408382412547	0	0.00383039957707889	-15.3588312938736	0	2836487.04420022	0.002	0	0.05	0.006	-5	0.02	0.002	-30	0.01	reduced	rep49
2754	1	3	0.00186500939249836	-29.4872213220196	0	0.00273490836520947	-0.623752911637105	0.0414042468588593	0.00534860230742984	-5.56468712840918	0.0218005028419826	2834673.81070381	0.002	0	0.05	0.006	-5	0.02	0.002	-30	0.01	full	rep50
23	1	3	0.00579739377863479	-2.58372501258179	0	0.000234343902249625	3752.13901179627	0	0.00355928288185285	-15.733181609257	0	2834665.31922525	0.002	0	0.05	0.006	-5	0.02	0.002	-30	0.01	reduced	rep50
121	1	3	0.00108703289726077	1.14591352303931	0.0886865371320597	0.00248053163589287	-27.6392352717045	0.0212196197818588	0.00647262441924192	-4.03267897166974	0.0149395227545015	2830532.30983758	0.002	0	0.05	0.006	-5	0.02	0.002	-30	0.01	full	rep51
263	1	3	0.00337107707017312	-18.5955513486846	0	0.000240738365363921	3592.2407466535	0	0.00607559028700529	-2.72817701773603	0	2830521.10691343	0.002	0	0.05	0.006	-5	0.02	0.002	-30	0.01	reduced	rep51
618	1	3	0.0047551965401817	-6.78478580773435	0	0.00370267598252273	-1.20257335499371	0.0573384619082992	0.00152574091101857	-39.1185482250094	0.0211076134691897	2823982.88749823	0.002	0	0.05	0.006	-5	0.02	0.002	-30	0.01	full	rep52
1332	1	3	0.00356755699802083	-15.5432215074247	0	0.000238030085523778	4676.10530892968	0	0.0057423973318856	-2.57511556681058	0	2823969.48375053	0.002	0	0.05	0.006	-5	0.02	0.002	-30	0.01	reduced	rep52
4991	1	3	0.00622473315739864	-4.68732787463008	0.00180210897634113	0.00205197461397053	-28.323193380412	0.0119106160578703	0.0017088850102989	0.223160272233125	0.115754700554823	2842058.32521073	0.002	0	0.05	0.006	-5	0.02	0.002	-30	0.01	full	rep53
583	1	3	0.000242167197045147	2114.41053922904	0	0.00375839788159004	-14.7304045885386	0	0.00560279082329702	-2.52040948421673	0	2842042.13933801	0.002	0	0.05	0.006	-5	0.02	0.002	-30	0.01	reduced	rep53
1319	1	3	0.00558176898818437	-5.79068748849843	0.0213933552602371	0.00177244343706643	-31.1740105297901	0.0129216067040211	0.00262293421076182	-0.441452537887956	0.0382244712692097	2830251.74001544	0.002	0	0.05	0.006	-5	0.02	0.002	-30	0.01	full	rep54
1561	1	3	0.00372957956126239	-15.1071836860942	0	0.00562409350511024	-2.53461829305305	0	0.000238142924021737	4547.5692161325	0	2830243.83560241	0.002	0	0.05	0.006	-5	0.02	0.002	-30	0.01	reduced	rep54
4955	1	3	0.00271841762587212	-21.4343131135459	0.0118184236183983	0.000634048619559745	2.56430681591595	0.304014105087784	0.00653648585534013	-3.51454709895365	0	2829258.28810741	0.002	0	0.05	0.006	-5	0.02	0.002	-30	0.01	full	rep55
1254	1	3	0.00374058565275163	-15.0542279822083	0	0.000231719354187673	4503.45779627509	0	0.00560330941995755	-2.48092498367777	0	2829249.55442359	0.002	0	0.05	0.006	-5	0.02	0.002	-30	0.01	reduced	rep55
1710	1	3	0.00169124959147326	-35.5267875887241	0	0.00187517858813421	0.457087004411825	0	0.00646077907167484	-5.37319592311409	0.0365328625002783	2840602.48524187	0.002	0	0.05	0.006	-5	0.02	0.002	-30	0.01	full	rep56
252	1	3	0.00377582937850477	-14.5114094957708	0	0.00556599978495974	-2.51298655582158	0	0.000245456247724092	1597.67131156577	0	2840588.62295089	0.002	0	0.05	0.006	-5	0.02	0.002	-30	0.01	reduced	rep56
4373	1	3	0.00442545780767868	-5.80689687565319	0.000121620843853254	0.0035399172642177	-1.24198199903745	0.0675832720878295	0.00199817083746736	-27.1854990479944	0	2842343.342797	0.002	0	0.05	0.006	-5	0.02	0.002	-30	0.01	full	rep57
594	1	3	0.000249638585013728	2188.44138618559	0	0.00589617755010392	-2.6596485428513	0	0.0034773318651591	-16.333609562761	0	2842336.84765418	0.002	0	0.05	0.006	-5	0.02	0.002	-30	0.01	reduced	rep57
3784	1	3	0.0022545449961726	-0.190850259789361	0.0332243425476566	0.00178921075716863	-41.1500479185645	0	0.00608211377567891	-5.43314027059995	0.0268026592953765	2839560.85515224	0.002	0	0.05	0.006	-5	0.02	0.002	-30	0.01	full	rep58
571	1	3	0.00337808981777656	-17.3398686898452	0	0.00603190058220524	-2.72592263822627	0	0.000244224209048052	4017.50352659497	0	2839544.81914821	0.002	0	0.05	0.006	-5	0.02	0.002	-30	0.01	reduced	rep58
1398	1	3	0.00163148978323512	0.313581180645076	0.111529504110144	0.00603529583028123	-4.46792191734646	0	0.00234607345877114	-27.3594677473146	0.0273381029369357	2831318.74752672	0.002	0	0.05	0.006	-5	0.02	0.002	-30	0.01	full	rep59
431	1	3	0.00356528584830421	-16.8534482995628	0	0.000242655220045029	1469.30232724571	0	0.00584109709339257	-2.61759846913625	0	2831302.3520248	0.002	0	0.05	0.006	-5	0.02	0.002	-30	0.01	reduced	rep59
2347	1	3	0.00163767120039103	0.460945752518185	0	0.00639072832798242	-4.77465700519896	0.037976623524243	0.00204423775893685	-32.8498618590426	0	2840058.31546171	0.002	0	0.05	0.006	-5	0.02	0.002	-30	0.01	full	rep60
35	1	3	0.000248359759493887	4889.08909549769	0	0.00331585646259932	-18.1185902986442	0	0.00611320092308909	-2.77125749006781	0	2840046.53495817	0.002	0	0.05	0.006	-5	0.02	0.002	-30	0.01	reduced	rep60
4577	1	3	0.00495028397792039	-5.85690338274411	0	0.0019501345979566	-34.9460449201849	0.00720725055439783	0.0031898387513427	-0.991043813034524	0.0692515310113058	2833272.6147422	0.002	0	0.05	0.006	-5	0.02	0.002	-30	0.01	full	rep61
1457	1	3	0.00357901714332066	-17.0322913433755	0	0.00585319115291497	-2.62070397643669	0	0.000239622318617708	4297.92632571663	0	2833258.66240288	0.002	0	0.05	0.006	-5	0.02	0.002	-30	0.01	reduced	rep61
859	1	3	0.00318508413519586	-20.2555484234655	0.0785270828110155	0.000380239763103024	10	0.00493558889475865	0.00638583258238394	-3.1734667875362	0	2840838.98527025	0.002	0	0.05	0.006	-5	0.02	0.002	-30	0.01	full	rep62
1721	1	3	0.000240319546559575	3086.5035141346	0	0.00354722748425266	-16.4411841253269	0	0.00585846531766478	-2.61604648578556	0	2840829.75811684	0.002	0	0.05	0.006	-5	0.02	0.002	-30	0.01	reduced	rep62
1109	1	3	0.00224945836359316	-26.4349080043494	0.0312015271437478	0.00633436357278136	-4.33347245398403	0	0.00135793539101558	0.740439615781339	0.128614849402143	2829254.32017064	0.002	0	0.05	0.006	-5	0.02	0.002	-30	0.01	full	rep63
1893	1	3	0.00363719099355167	-15.3269161521043	0	0.000235836302073831	4877.46151205665	0	0.00569807901249327	-2.54904593743512	0	2829245.7086492	0.002	0	0.05	0.006	-5	0.02	0.002	-30	0.01	reduced	rep63
2955	1	3	0.00264315225302293	-26.1240864316181	0.022749965510008	0.00679003305623772	-3.61216711318177	0	0.000577057307098212	3.37733907057048	0.314545425116353	2825033.67086137	0.002	0	0.05	0.006	-5	0.02	0.002	-30	0.01	full	rep64
194	1	3	0.00341182543021892	-18.271670580502	0	0.00601064124113744	-2.70657720677132	0	0.000243243502140704	2971.24424013784	0	2825021.77098792	0.002	0	0.05	0.006	-5	0.02	0.002	-30	0.01	reduced	rep64
618	1	3	0.0049990066178104	-6.84601685704661	0	0.00355105686420963	-1.07019775408825	0.0590648088976145	0.00154834266465959	-40.047265430648	0.0280405195986349	2843332.71832622	0.002	0	0.05	0.006	-5	0.02	0.002	-30	0.01	full	rep65
1276	1	3	0.00563942399729643	-2.53399465891401	0	0.000244095558133853	2696.39070568375	0	0.0037626287545123	-15.3256658964014	0	2843319.61227678	0.002	0	0.05	0.006	-5	0.02	0.002	-30	0.01	reduced	rep65
2754	1	3	0.00183645029086188	-36.2702512083145	0.0161387385140274	0.00262252242645493	-0.479106409523683	0.0550783652426664	0.00562589619344252	-5.65287847917453	0.0121860475603115	2840874.72226354	0.002	0	0.05	0.006	-5	0.02	0.002	-30	0.01	full	rep66
837	1	3	0.000265863796731582	1236.7126388533	0	0.0073822370077623	-3.35285762521034	0	0.00286261649069043	-63.8329214547499	0	2840693.97460178	0.002	0	0.05	0.006	-5	0.02	0.002	-30	0.01	reduced	rep66
3784	1	3	0.00152001117858911	0.739592588108123	0.0273070637464211	0.0021065585848694	-30.7261606515645	0.0256634000377954	0.00639989127336676	-4.65462771416048	0.0239855914032875	2838144.36797104	0.002	0	0.05	0.006	-5	0.02	0.002	-30	0.01	full	rep67
452	1	3	0.00348990042808195	-16.5733131258855	0	0.0058943289478401	-2.62198929090166	0	0.000239217465426769	4146.09515565736	0	2838130.11120911	0.002	0	0.05	0.006	-5	0.02	0.002	-30	0.01	reduced	rep67
1083	1	3	0.00451358431261381	-7.63013781574025	0	0.00129257086473136	-50.3400027360082	0	0.00426136536648068	-1.51224932856718	0.0540734714912183	2838241.21941306	0.002	0	0.05	0.006	-5	0.02	0.002	-30	0.01	full	rep68
658	1	3	0.00347585961317153	-15.7531402189504	0	0.00587446684583339	-2.65874667066203	0	0.000241354244476399	1581.50985270618	0	2838231.88576335	0.002	0	0.05	0.006	-5	0.02	0.002	-30	0.01	reduced	rep68
1736	1	3	0.00328799127242122	-1.11305253784525	0.0755124962736295	0.0016066874316733	-37.9993303977307	0	0.00511413852765807	-6.06642186333034	0	2831299.25963397	0.002	0	0.05	0.006	-5	0.02	0.002	-30	0.01	full	rep69
361	1	3	0.000259410033222146	3011.61886159805	0	0.00341343625880637	-15.8551098261481	0	0.00588964881247663	-2.73381904864963	0	2831285.71612504	0.002	0	0.05	0.006	-5	0.02	0.002	-30	0.01	reduced	rep69
848	1	3	0.00186889430825023	-32.5663444999058	0	0.00552993152598983	-5.85563076249407	0.0436913491326368	0.00263198508972322	-0.360885702206673	0.000311170286272771	2829087.17912606	0.002	0	0.05	0.006	-5	0.02	0.002	-30	0.01	full	rep70
903	1	3	0.00353661591598964	-17.1548349538407	0	0.000239273090653005	4476.37038832706	0	0.00587579750599634	-2.62898922027354	0	2829078.46418526	0.002	0	0.05	0.006	-5	0.02	0.002	-30	0.01	reduced	rep70
3533	1	3	0.00223615817862261	-29.5951479356859	0	0.00200856117278353	-0.443411874677564	0.114278913706147	0.0057601922621409	-4.47361730297872	0	2831036.02534348	0.002	0	0.05	0.006	-5	0.02	0.002	-30	0.01	full	rep71
1456	1	3	0.00616688926688567	-2.77621203797816	0	0.000243901238961831	2289.26784460941	0	0.00324564314362557	-18.7580628089249	0	2831023.43333983	0.002	0	0.05	0.006	-5	0.02	0.002	-30	0.01	reduced	rep71
604	1	3	0.00260328184757999	-23.439712773439	0.0373998576202933	0.00672121745726535	-3.69859495263743	0.0208566363331473	0.000633057650410576	3.53452709957434	0.0224442045158014	2837901.22653202	0.002	0	0.05	0.006	-5	0.02	0.002	-30	0.01	full	rep72
225	1	3	0.00573821130914796	-2.57539235254298	0	0.00362159110569404	-15.6012302655856	0	0.000244194929622998	4400.98231053834	0	2837889.67090279	0.002	0	0.05	0.006	-5	0.02	0.002	-30	0.01	reduced	rep72
2086	1	3	0.00233092603778345	-23.8900580168714	0	0.00538159202930746	-4.59230681280987	0.00642949625289456	0.00222616098326889	-0.53060500161487	0.0876910741319848	2839707.5174351	0.002	0	0.05	0.006	-5	0.02	0.002	-30	0.01	full	rep73
905	1	3	0.00587162174421336	-2.64520039191987	0	0.00351264811673995	-16.1699941760608	0	0.000242170845700763	1703.09294933501	0	2839703.22206139	0.002	0	0.05	0.006	-5	0.02	0.002	-30	0.01	reduced	rep73
271	1	3	0.0068717490002525	-3.80797111824792	0	0.000673102520704096	2.80756016916446	0.266270864052743	0.00252320663264019	-27.4895531207072	0.0264584013590237	2835431.97435981	0.002	0	0.05	0.006	-5	0.02	0.002	-30	0.01	full	rep74
1380	1	3	0.00345142419769592	-17.7865375515278	0	0.00600266038018306	-2.72881468267712	0	0.000244176244895173	3607.10918196402	0	2835416.6183576	0.002	0	0.05	0.006	-5	0.02	0.002	-30	0.01	reduced	rep74
75	1	3	0.00263298785605346	-23.4754409007972	0.0389230488894196	0.000459346818057774	5.21827768630064	0.00379648924736986	0.00683489180664875	-3.47545242643374	0.0200052091190604	2836404.14965321	0.002	0	0.05	0.006	-5	0.02	0.002	-30	0.01	full	rep75
1385	1	3	0.00586667761699062	-2.61512908283863	0	0.00347967412749602	-15.9979563382954	0	0.000237899581778315	4858.5320367762	0	2836391.84208169	0.002	0	0.05	0.006	-5	0.02	0.002	-30	0.01	reduced	rep75
4325	1	3	0.00204813732572504	-0.0297459250975281	0.00570118666580245	0.00590721342615165	-5.02278252964929	0.0398729449211249	0.00206782492440364	-29.9199853554934	0	2834826.0458368	0.002	0	0.05	0.006	-5	0.02	0.002	-30	0.01	full	rep76
1778	1	3	0.000252172797919276	1920.71045295761	0	0.00330576216215693	-18.2316805388353	0	0.00610802280183385	-2.78250249647632	0	2834820.19978993	0.002	0	0.05	0.006	-5	0.02	0.002	-30	0.01	reduced	rep76
4491	1	3	0.00133004179911708	-37.1102597122314	0	0.00481131605589843	-7.22231590149002	0.0105918970380968	0.00381947240948956	-1.22917744844088	0.0473087448546384	2836285.98734463	0.002	0	0.05	0.006	-5	0.02	0.002	-30	0.01	full	rep77
982	1	3	0.00555221826004583	-2.48630161681677	0	0.0037796190888882	-14.3319132834663	0	0.000234294968608296	4784.8710059569	0	2836278.13085745	0.002	0	0.05	0.006	-5	0.02	0.002	-30	0.01	reduced	rep77
1565	1	3	0.00207744215227569	-0.156837076909235	0.0978716286484301	0.0018479518106125	-31.1451440960128	0.0145989265538553	0.00606181882068336	-5.13922303232613	0.00180309303497218	2833113.85885984	0.002	0	0.05	0.006	-5	0.02	0.002	-30	0.01	full	rep78
982	1	3	0.00549430348167959	-2.51662995254057	0	0.00382833259017856	-14.1192265588238	0	0.000243701495211819	4784.87296147739	0	2833099.08629365	0.002	0	0.05	0.006	-5	0.02	0.002	-30	0.01	reduced	rep78
522	1	3	0.00416979521096837	-9.23415053736838	0	0.00111518353584176	-64.6820228212432	0	0.00488854224452203	-1.758749065607	0.0489696792739385	2844733.79883777	0.002	0	0.05	0.006	-5	0.02	0.002	-30	0.01	full	rep79
297	1	3	0.000244464315044659	3103.69540784188	0	0.00353066782189278	-16.393958351871	0	0.00588301441700492	-2.65329535309376	0	2844726.30576931	0.002	0	0.05	0.006	-5	0.02	0.002	-30	0.01	reduced	rep79
3737	1	3	0.00273900874923458	-0.450070539201433	0.056160981554906	0.00154671169913868	-42.1883545459536	0.0398431489797916	0.00577798901685427	-6.16151986558302	0.00754450839852733	2835480.36861742	0.002	0	0.05	0.006	-5	0.02	0.002	-30	0.01	full	rep80
582	1	3	0.00386400498360102	-14.2650189889302	0	0.000239781739316909	5000	0	0.00546192980272398	-2.43250186617791	0	2835459.86755205	0.002	0	0.05	0.006	-5	0.02	0.002	-30	0.01	reduced	rep80
1507	1	3	0.00522323521301729	-5.79096130904326	0	0.00170281060942004	-35.0254648797168	0	0.00307193187261908	-0.961600505338701	0.0756429370215413	2837446.22859467	0.002	0	0.05	0.006	-5	0.02	0.002	-30	0.01	full	rep81
769	1	3	0.00354172510136849	-15.3707489513909	0	0.000244514825253782	2645.86205290558	0	0.00579128034287349	-2.62367301972855	0	2837433.23666685	0.002	0	0.05	0.006	-5	0.02	0.002	-30	0.01	reduced	rep81
2392	1	3	0.00451660734822876	-8.07622633228717	0	0.00118706430075022	-49.2881462023331	0	0.00431869199020558	-1.513274913371	0.0547225863205183	2826665.72589766	0.002	0	0.05	0.006	-5	0.02	0.002	-30	0.01	full	rep82
1497	1	3	0.00373330220663394	-14.7451054617324	0	0.000243254749143815	3061.30533374569	0	0.00558146964522231	-2.53632212162711	0	2826655.68957912	0.002	0	0.05	0.006	-5	0.02	0.002	-30	0.01	reduced	rep82
2770	1	3	0.00175757461449934	0.288933003146989	0	0.0023091360288428	-26.3044036320014	0	0.00594958606315927	-4.69762482053288	0.0391968537874701	2835375.8091555	0.002	0	0.05	0.006	-5	0.02	0.002	-30	0.01	full	rep83
1319	1	3	0.000238792986896056	2710.79366515797	0	0.00585026244300576	-2.63003201641208	0	0.00359347097209219	-16.8854375883262	0	2835370.46083377	0.002	0	0.05	0.006	-5	0.02	0.002	-30	0.01	reduced	rep83
1410	1	3	0.00626301697386977	-4.31238991294017	0.00388019750361054	0.00234811435791079	-25.3833181746091	0.0284463395891822	0.00137531468995269	0.654697651701609	0.111362070978685	2837367.17359711	0.002	0	0.05	0.006	-5	0.02	0.002	-30	0.01	full	rep84
1492	1	3	0.00361101915193651	-15.7884168257085	0	0.00578465831581203	-2.61081531162958	0	0.000236891287499535	2729.79979911123	0	2837356.47775456	0.002	0	0.05	0.006	-5	0.02	0.002	-30	0.01	reduced	rep84
3641	1	3	0.00622693142788935	-5.17008648980043	0.0370891687848181	0.00188202516761626	-32.0055664189972	0	0.00190422976568543	0.273098296130245	0	2835646.5092822	0.002	0	0.05	0.006	-5	0.02	0.002	-30	0.01	full	rep85
1401	1	3	0.000235287070862929	4311.05758821825	0	0.00361102315366399	-15.7578845849578	0	0.00577375410211981	-2.59365666072176	0	2835634.60973641	0.002	0	0.05	0.006	-5	0.02	0.002	-30	0.01	reduced	rep85
2754	1	3	0.00198894566914489	-33.0168672417282	0	0.00323217992328534	-1.08665104176857	0.0599996926243429	0.00487263162104096	-5.72241324663494	0.0086827180504585	2842471.87927601	0.002	0	0.05	0.006	-5	0.02	0.002	-30	0.01	full	rep86
381	1	3	0.00609532093647047	-2.76042518227223	0	0.000243320714060237	3712.85452511791	0	0.0033708126576107	-18.101743277346	0	2842464.15984548	0.002	0	0.05	0.006	-5	0.02	0.002	-30	0.01	reduced	rep86
1352	1	3	0.00662264086922684	-3.20307391180297	0.0178914418961531	0.00309326082352985	-22.1778702709371	0.0406463918814831	0.000351112981470655	7.45915387251214	0.00963758059169969	2849823.43987718	0.002	0	0.05	0.006	-5	0.02	0.002	-30	0.01	full	rep87
704	1	3	0.000246273905274735	3914.4775360601	0	0.00356381968326771	-17.6309032190505	0	0.00594138721867478	-2.66867878420548	0	2849813.37005745	0.002	0	0.05	0.006	-5	0.02	0.002	-30	0.01	reduced	rep87
12	1	3	0.00215767667984917	-24.6944105573527	0	0.00152331450664593	0.608885293898286	0	0.00626351896971847	-4.64762053483631	0.0376030100882253	2835316.05080105	0.002	0	0.05	0.006	-5	0.02	0.002	-30	0.01	full	rep88
1817	1	3	0.000241423098186354	3674.73340246635	0	0.00567609440878332	-2.60434517425647	0	0.00369055207040246	-14.9873186333181	0	2835309.18203995	0.002	0	0.05	0.006	-5	0.02	0.002	-30	0.01	reduced	rep88
2712	1	3	0.00147156022013399	-35.9089271216835	0	0.00579725044042844	-6.40618799798926	0.041875924312372	0.00270305449132243	-0.28961036609728	0	2828126.25383093	0.002	0	0.05	0.006	-5	0.02	0.002	-30	0.01	full	rep89
415	1	3	0.000245974912633093	997.308243445108	0	0.00369811823320534	-15.2676366267148	0	0.00563694262960619	-2.5448383676229	0	2828109.69363309	0.002	0	0.05	0.006	-5	0.02	0.002	-30	0.01	reduced	rep89
4352	1	3	0.00415597644510994	-6.77500769967832	0	0.00412178941873198	-1.48155272850904	0.0571070457909068	0.00169178260043788	-31.8318638597656	0	2837554.4551407	0.002	0	0.05	0.006	-5	0.02	0.002	-30	0.01	full	rep90
902	1	3	0.00593781720567232	-2.67438738918896	0	0.00342769706862455	-16.4849700227318	0	0.000243855983370071	2271.32307657225	0	2837548.60455229	0.002	0	0.05	0.006	-5	0.02	0.002	-30	0.01	reduced	rep90
1996	1	3	0.00451968863560408	-6.50293983581235	0	0.00380635091300263	-1.35029674443139	0.0611008210349135	0.00166237389976024	-32.2936106512494	0	2841923.43798732	0.002	0	0.05	0.006	-5	0.02	0.002	-30	0.01	full	rep91
974	1	3	0.00353362726066724	-15.6362022004368	0	0.00583908361225198	-2.64563157637197	0	0.000240961124038721	2997.51872708825	0	2841915.74175774	0.002	0	0.05	0.006	-5	0.02	0.002	-30	0.01	reduced	rep91
4042	1	3	0.00450503970928044	-7.38864286942331	0	0.00411731960860478	-1.42563804276877	0.056008301023014	0.00153993322839771	-47.1359116865042	0	2839082.90894756	0.002	0	0.05	0.006	-5	0.02	0.002	-30	0.01	full	rep92
466	1	3	0.00363708491326713	-16.3612734469739	0	0.000238199916175704	4743.95943154528	0	0.00579306188091482	-2.59289619475085	0	2839066.36956045	0.002	0	0.05	0.006	-5	0.02	0.002	-30	0.01	reduced	rep92
95	1	3	0.00223304167531694	-28.489845997834	0.0154831478826091	0.000894329448264616	2.01871537470924	0.0615240490512225	0.00682394581057649	-4.05544385820096	0.0220320233125931	2827267.11490053	0.002	0	0.05	0.006	-5	0.02	0.002	-30	0.01	full	rep93
860	1	3	0.000246188362440222	2644.60945337733	0	0.0034493525142186	-16.3504080496207	0	0.00586998741922423	-2.63694491829741	0	2827251.20482846	0.002	0	0.05	0.006	-5	0.02	0.002	-30	0.01	reduced	rep93
305	1	3	0.00269962385641328	-23.5815651726106	0.021030793330002	0.00669570001487852	-3.53192799730139	0	0.000569313245017734	3.0894842021761	0.321733247377779	2829499.10352164	0.002	0	0.05	0.006	-5	0.02	0.002	-30	0.01	full	rep94
1903	1	3	0.000240545355311693	3511.22732788889	0	0.00595605057489415	-2.68564481847728	0	0.00344567137947584	-17.2884627753879	0	2829491.49227676	0.002	0	0.05	0.006	-5	0.02	0.002	-30	0.01	reduced	rep94
2600	1	3	0.00600329702974674	-5.88777151621197	0.0394145831210977	0.00152740645908286	-32.5546430056079	0	0.00238955654456148	-0.0992209949433944	0	2831699.86352938	0.002	0	0.05	0.006	-5	0.02	0.002	-30	0.01	full	rep95
1665	1	3	0.000235277925378735	4424.65019110912	0	0.00375407884727164	-14.2289985028616	0	0.00554895444777904	-2.49145413037847	0	2831689.31924139	0.002	0	0.05	0.006	-5	0.02	0.002	-30	0.01	reduced	rep95
3921	1	3	0.00253278602145755	-0.33207080982003	0.0255064000622179	0.00169455705239478	-39.9989399402172	0	0.00588307612383176	-5.83414779293791	0.0296464349516955	2842874.69516123	0.002	0	0.05	0.006	-5	0.02	0.002	-30	0.01	full	rep96
285	1	3	0.00583204986660113	-2.61921089775582	0	0.00357674782158892	-16.1984837072037	0	0.000241936357817141	4644.62856434963	0	2842862.11840815	0.002	0	0.05	0.006	-5	0.02	0.002	-30	0.01	reduced	rep96
1840	1	3	0.00159595437080645	0.713029511066945	0.0010586148179284	0.0062994592845766	-4.71737435306405	0.0313682590795023	0.00215851096621719	-32.0923312351254	0.0197801402232905	2834214.12187028	0.002	0	0.05	0.006	-5	0.02	0.002	-30	0.01	full	rep97
1062	1	3	0.00591043076992922	-2.58861259984094	0	0.00350539913221326	-17.4006321070547	0	0.000234531390159497	4935.1914187362	0	2834199.24626408	0.002	0	0.05	0.006	-5	0.02	0.002	-30	0.01	reduced	rep97
4385	1	3	0.00195828636798775	-31.8323457184517	0.00895289795922386	0.00446661866848968	-6.33827294039791	0	0.00362585749032634	-1.15221998372309	0.0609154135103235	2833749.77817386	0.002	0	0.05	0.006	-5	0.02	0.002	-30	0.01	full	rep98
1062	1	3	0.00569738566563237	-2.51052575701469	0	0.00372621650682545	-16.4887391005937	0	0.000239767217242891	4935.18896631208	0	2833741.72785014	0.002	0	0.05	0.006	-5	0.02	0.002	-30	0.01	reduced	rep98
3572	1	3	0.00385145286456568	-1.35242301218673	0.0569986571571897	0.00475599274955795	-6.81633380970285	0.00367397620465532	0.00159766474385481	-50.0908855244313	0	2846052.52115212	0.002	0	0.05	0.006	-5	0.02	0.002	-30	0.01	full	rep99
1429	1	3	0.000244782659708848	4182.79130010382	0	0.00610684810813654	-2.76814173516912	0	0.00333373213417788	-17.6881905896839	0	2846034.04806806	0.002	0	0.05	0.006	-5	0.02	0.002	-30	0.01	reduced	rep99
2123	1	3	0.00302945673953798	-0.818631212870348	0.0701462672726364	0.00167768793827065	-37.0693128105246	0.0167867948625684	0.00534727507544527	-6.02097334249793	0	2841803.66208533	0.002	0	0.05	0.006	-5	0.02	0.002	-30	0.01	full	rep100
1572	1	3	0.000239267354101245	4705.18815293868	0	0.00558669837824237	-2.49990528150453	0	0.00376535907881552	-14.6168362733012	0	2841788.29678275	0.002	0	0.05	0.006	-5	0.02	0.002	-30	0.01	reduced	rep100
